file_name,station_name,ZCR,MEANt,VARt,SKEWt,KURTt,LEQt,BGNt,SNRt,MED,Ht,ACTtFraction,ACTtCount,ACTtMean,EVNtFraction,EVNtMean,EVNtCount,MEANf,VARf,SKEWf,KURTf,NBPEAKS,LEQf,ENRf,BGNf,SNRf,Hf,EAS,ECU,ECV,EPS,EPS_KURT,EPS_SKEW,ACI,NDSI,rBA,AnthroEnergy,BioEnergy,BI,ROU,ADI,AEI,LFC,MFC,HFC,ACTspFract,ACTspCount,ACTspMean,EVNspFract,EVNspMean,EVNspCount,TFSD,H_Havrda,H_Renyi,H_pairedShannon,H_gamma,H_GiniSimpson,RAOQ,AGI,ROItotal,ROIcover
SMA09834_20230529_150000.wav,2023/Ustou_Col_dEscots/SM9834_572L_Rouge/Data/,7323.716666666666,0.001012599,0.00081867055,0.13664405221841144,14.812309556141129,62.15712547302246,-20.815548,1.155001163482666,0.09103799,0.9150317530542855,0.06186666666666667,116,7.925062775611877,0.06186666666666667,0.0382680412371134,1.6175293489861258,0.001236168,7.958296e-08,-2.8379950062463366,12.144707412268064,3,62.154734007497964,-30.84526566409245,-33.08214240610956,2.2368767420171096,0.9892987835907491,0.00040322316990737406,0.09711094874943349,0.09231851441711836,0.18333262225060487,25.698018716582066,3.0936822808027875,299.31598,0.56021804,3.5477085,0.39250726,1.3925014,2459.15,2.0458627,2.0766028917528425,0.22057573007703263,0.14018553484935556,0.16452822457691724,0.2406616862326574,0.16148299926627535,302.619140625,7.003317475318909,0.011999107857524012,0.13423632186306078,0.08114123815403097,0.66592425,0.33333175173296087,6.129230499267578,7.170497,80177.40715675357,0.9978636694140732,0.968964372020657,1.2641896,11,0.11235158751334044
SMA09834_20230529_160000.wav,2023/Ustou_Col_dEscots/SM9834_572L_Rouge/Data/,4439.883333333333,0.00092162983,0.0021626696,-0.031898492868483716,3.0708424485240973,66.37220859527588,-16.57045,0.18906807899475098,0.14841491,0.9958191634745814,0.0064,12,3.417523503303528,0.0064,0.032,0.20010672358591247,0.0017449042,1.1762498e-06,1.2307292111512549,4.686192468367655,11,66.34679186467062,-26.653207712294083,-28.39061539687639,1.7374076845823083,0.9048795324616983,0.00016991263221544095,0.06971457407121862,0.05821979269562649,0.1832024493904887,13.73039076799471,2.279520906683295,299.32944,-0.08051631,0.850967,2.7108054,2.3068058,2574.6905,5.166792,2.0756129763916746,0.22316283543778964,0.13645841884902715,0.13017776147278548,0.2294557097118463,0.1309833994797225,245.462890625,5.677060484886169,0.002022953908751334,0.07250007440476192,0.014631492341831288,0.67087626,0.3333175302335197,4.97834587097168,6.6422844,55255.544720026584,0.9947197856381536,0.7006008765235613,1.2106988,59,0.27994096851654215
SMA09834_20230529_170000.wav,2023/Ustou_Col_dEscots/SM9834_572L_Rouge/Data/,4983.433333333333,0.0018290497,0.0006433945,-0.04554715821600982,3.0389810181975117,61.12790107727051,-21.82822,0.23626375198364258,0.08101942,0.9951996088071998,0.0112,21,3.7184014916419983,0.0112,0.032,0.35018676627534684,0.000998047,2.6017656e-07,0.5332471153688386,2.6281831684342003,13,61.08354469019167,-31.916455335721764,-33.68987865089413,1.7734233151723657,0.9353850507044061,0.00012851504769029187,0.027509814756445983,0.021521693209203496,0.1815740250551826,18.136880040946846,2.5532300241375143,300.13528,0.079748966,1.17332,0.6999346,0.8212473,2558.88575,1.5386832,2.075452448234228,0.2237396784663055,0.1409982760036122,0.13172739746912637,0.2289220917822839,0.13293339781216648,249.1171875,5.818074345588684,0.0024148295757737462,0.06822976381257631,0.015348402879738389,0.6805874,0.3333271256287844,5.445553779602051,6.8333726,62592.556398275025,0.9962790715508163,0.7724321499890389,1.2111701,16,0.3483107657417289
SMA09834_20230529_180000.wav,2023/Ustou_Col_dEscots/SM9834_572L_Rouge/Data/,5226.466666666666,0.0013407208,0.00035318194,-0.03495548550185352,3.125431494560636,58.522629737854004,-24.420555,0.28279590606689453,0.06011354,0.9940590132200993,0.0176,33,3.608957827091217,0.0176,0.03406451612903226,0.5169423692636073,0.0007485573,1.2958385e-07,0.2527697774563425,2.169071647868674,15,58.48069821029454,-34.51930153727014,-36.43119882485746,1.9118972875873226,0.943573259367085,0.0003344094492154781,0.20394155537511727,0.1671735486469017,0.1826024531129974,17.918955884530142,2.5826720448785196,303.51685,0.17952375,1.4376086,0.34466055,0.49548697,2571.572,0.87167,2.0741304895596704,0.22776318227832756,0.14322305229455712,0.13597490089952738,0.2305229455709712,0.13689488560565638,256.541015625,5.94264030456543,0.002790029682497332,0.08698573457792208,0.01948693189402029,0.6879404,0.3333286281203982,5.584113597869873,6.884629,64544.1294391692,0.9966302656102926,0.7724197869448347,1.221663,44,0.47233524546424754
SMA09834_20230529_190000.wav,2023/Ustou_Col_dEscots/SM9834_572L_Rouge/Data/,5343.466666666666,0.0016326548,0.00018158166,-0.013923040644439624,3.181342919093004,55.67461013793945,-27.188547,0.3199009895324707,0.04370919,0.993214528319615,0.023466666666666667,44,4.176112115383148,0.023466666666666667,0.03274418604651163,0.7170490928495197,0.00054273615,6.0120584e-08,0.1274862024184881,2.340164520195774,18,55.59110477098844,-37.40889512856078,-39.253096579505026,1.8442014509442473,0.9499620708813366,0.00012460961518789837,0.010609758580265916,0.006512803667973688,0.18315662848115566,40.79726611545806,4.041942179000316,304.26395,0.17580266,1.4266033,0.17574039,0.25071183,2574.33625,0.44779482,2.0763074368087793,0.22068521901950805,0.1405960101797882,0.13633104322305228,0.22411953041622198,0.1368761256003202,256.505859375,5.786548852920532,0.002095909485058698,0.07739270833333334,0.015641684463427657,0.6918517,0.3333291204817215,5.639379501342773,6.924575,66520.38752894303,0.9968089165631682,0.8146213651611927,1.2181617,22,0.03877067769477054
SMA09834_20230529_200000.wav,2023/Ustou_Col_dEscots/SM9834_572L_Rouge/Data/,5480.916666666667,0.0011085997,0.000117088144,-0.008582705411641061,3.2232261243913576,53.75107765197754,-29.022583,0.2977004051208496,0.03538922,0.9930247770484265,0.024533333333333334,46,4.155678153038025,0.024533333333333334,0.032,0.7670757737459978,0.00043881673,3.619953e-08,0.21453380133074956,3.2407557468408488,17,53.68649403930144,-39.31350599604345,-41.26293226258071,1.9494262665372588,0.952886693186809,0.0001169549674832071,0.01377019077848829,0.0110431053707295,0.1824820673559765,22.846305504397808,2.892869186508272,305.0523,0.19185096,1.474791,0.109515674,0.16151273,2585.804,0.29005802,2.075838291194149,0.22216440410897392,0.15099745505295128,0.13750905244701936,0.240128068303095,0.13922737960245463,260.912109375,5.9147244691848755,0.0028817452641408756,0.08275660199175824,0.02020384243192739,0.6920441,0.33332860384901625,5.581541061401367,6.942815,67840.02048713126,0.996800345601514,0.8357236513527133,1.2242765,30,0.21136272678762008
SMA09834_20230529_210000.wav,2023/Ustou_Col_dEscots/SM9834_572L_Rouge/Data/,5459.116666666667,0.001481149,0.0004123217,-0.005568827612572266,4.060008291185924,59.19600963592529,-23.727844,0.44781017303466797,0.06510404,0.9849985956532713,0.024,45,5.956466197967529,0.024,0.03272727272727273,0.7337246531483458,0.0008233788,1.2762894e-07,0.16469191106642406,2.7083008618444113,14,59.15379528746917,-33.84620468074523,-35.65550027814349,1.8092955973982612,0.9529332431576425,8.040011926102597e-05,0.005312586151343668,0.003933499826104803,0.1780701145009307,14.040766511447972,2.195141685716958,301.79922,0.17745782,1.4314862,0.3947597,0.5650931,2559.7735,1.0065098,2.075357399053911,0.22410494953641943,0.13966833593301042,0.13338185127305993,0.2294557097118463,0.13416113593916756,251.41796875,5.740433931350708,0.0020302494663820706,0.07440907755439007,0.014892187082888414,0.6836899,0.33332907208720525,5.633668422698975,6.9431286,67838.88540048843,0.9968474544584751,0.8424115596077321,1.2153165,21,0.04325223452508004
SMA09834_20230529_220000.wav,2023/Ustou_Col_dEscots/SM9834_572L_Rouge/Data/,4705.416666666667,0.0016023502,0.0013163362,-0.04802934779137228,3.147944567472287,64.222731590271,-18.668968,0.2758474349975586,0.11656057,0.9924040834937887,0.008533333333333334,16,5.378798842430115,0.008533333333333334,0.032,0.26680896478121663,0.0013881263,6.4599e-07,1.2534483013453865,5.431200931996659,13,64.19690273965068,-28.803097185068882,-30.521544148529337,1.7184469634604547,0.9144672212819981,6.665299685260084e-05,0.005229947199593354,0.004155094066289555,0.17631328343265296,6.431262396856994,1.5066167922006795,299.45773,-0.024645565,0.95189446,1.5789273,1.5029721,2573.2005,3.1483238,2.076181678034435,0.22123403900794134,0.13620392414415894,0.13008128144534228,0.21771611526147278,0.13087813500533618,245.265625,5.552142858505249,0.0015237293223052295,0.06308035714285715,0.011405394921249333,0.6732367,0.3333175148582086,4.977859973907471,6.7022204,58235.50205945926,0.9949694788083434,0.7472846232950328,1.2046187,13,0.014903782017075772
SMA09834_20230529_230000.wav,2023/Ustou_Col_dEscots/SM9834_572L_Rouge/Data/,5102.65,0.001056869,0.00054666237,-0.045734015197497965,3.1417906958569306,60.40666103363037,-22.493908,0.2666659355163574,0.07504203,0.9922446392779184,0.0144,27,4.947717487812042,0.0144,0.03323076923076924,0.43356456776947705,0.00092653115,2.0960411e-07,0.40267997502383,2.415906911982096,12,60.37867213977726,-32.621327525395266,-34.35412969252147,1.7328021671262022,0.9398592749125192,7.766631650929501e-05,0.0055711257830008964,0.0040362908095673555,0.17986072969650746,28.884623182166223,3.2310902201414926,300.9808,0.10110706,1.224959,0.57877207,0.7089721,2564.25925,1.3163289,2.076754075524391,0.21912192338306352,0.13711517937771941,0.1312176017685623,0.23852721451440767,0.13196100420224122,247.294921875,5.634980797767639,0.0016967382604055497,0.0672420138888889,0.012513347570742125,0.6782216,0.3333279393288346,5.515805244445801,6.861376,63688.87136253682,0.9964637097436935,0.785016456868809,1.2088461,18,0.03960445570971185
SMA09834_20230530_000000.wav,2023/Ustou_Col_dEscots/SM9834_572L_Rouge/Data/,5475.9,0.0020434698,0.00033505427,-0.027150570929130067,3.105708662682325,58.32554340362549,-24.561022,0.27198123931884766,0.05914922,0.9937713809163905,0.0208,39,3.9940249919891357,0.0208,0.034666666666666665,0.6003201707577375,0.0007425291,1.0294666e-07,0.10578154162174216,2.5583002957570353,12,58.25044352735587,-34.74955629483749,-36.541868391763565,1.792312096926075,0.953591669181879,9.422535031944346e-05,0.005829821631958332,0.0038013399902243616,0.18158704444351992,22.225470884193648,2.826441451489797,302.26486,0.18561701,1.455847,0.31741294,0.46210468,2572.24575,0.8187278,2.0765566281135017,0.21977995478503107,0.1442492406206387,0.13363555801189206,0.24279615795090714,0.1350282650747065,253.04296875,5.755205750465393,0.0022157650747065103,0.07014746440242764,0.015250642351841965,0.6831976,0.33332928117488336,5.658824443817139,6.9472566,67932.07061357501,0.9968887069262564,0.835968732689665,1.215198,30,0.16581760272145143
SMA09834_20230530_010000.wav,2023/Ustou_Col_dEscots/SM9834_572L_Rouge/Data/,5198.833333333333,0.0015903235,0.00023199544,-0.024165261558961527,3.154853989553443,56.72248363494873,-26.270731,0.3577737808227539,0.048580676,0.9931971286532005,0.029866666666666666,56,3.906901776790619,0.029866666666666666,0.033185185185185186,0.9004802561366061,0.0006054993,8.622324e-08,0.8704928105726638,4.991175256759448,14,56.652268041114134,-36.34773160483659,-38.33132491862953,1.9835933137929374,0.9386234458017859,0.0001234379854371248,0.007810656997163212,0.005434591862717886,0.18488166237312365,23.948843481423445,3.026654910262783,303.469,0.09920706,1.2202661,0.23876373,0.29135528,2579.00775,0.5662215,2.0751702155664002,0.22422183409248858,0.1542730481898038,0.13608686537581946,0.24386339381003203,0.13842174159551762,259.40234375,5.859732627868652,0.0031141608858057633,0.07944892902236653,0.021474729294580885,0.6914824,0.3333242294259738,5.2540974617004395,6.8534594,64583.97294189156,0.9960532975383103,0.8217832603084041,1.2202939,41,0.20750650346851654
SMA09834_20230530_020000.wav,2023/Ustou_Col_dEscots/SM9834_572L_Rouge/Data/,5291.616666666667,0.0017076845,0.00014433349,-0.010727091135961743,3.227610680155189,54.70114231109619,-28.124868,0.32700490951538086,0.039242495,0.9926176881258435,0.029866666666666666,56,4.185316860675812,0.029866666666666666,0.032,0.9338313767342582,0.00048512593,4.6584624e-08,0.2657841236152131,2.8356817414843345,15,54.59413980090119,-38.40585989957569,-40.34421695253107,1.9383570529553822,0.9503007620484357,0.0001357010434945849,0.010640377171084459,0.007967967818358845,0.181117414467019,20.2959225029028,2.671433231404674,304.48044,0.14805952,1.3475817,0.143076,0.19280662,2580.048,0.35904872,2.0760120096370773,0.22154373738335414,0.14832936540513914,0.13645491881384358,0.23532550693703308,0.13797879702508004,258.572265625,5.877861380577087,0.002432547358591249,0.08239759697539303,0.017368787122931127,0.6944114,0.33332866495705576,5.588043689727783,6.926655,67115.63988215948,0.9967445181682706,0.8231394483818586,1.2208353,35,0.1928111659551761
SMA09834_20230530_030000.wav,2023/Ustou_Col_dEscots/SM9834_572L_Rouge/Data/,5252.233333333334,0.0014006799,0.000111808404,-0.011040028295012208,3.3041799676076504,53.58088970184326,-29.11455,0.337496280670166,0.035016492,0.9917480844342081,0.025066666666666668,47,4.399814009666443,0.025066666666666668,0.03418181818181818,0.7337246531483458,0.00042604248,3.7036145e-08,0.19227426713396348,2.540893612794551,19,53.488174203164,-39.51182553657435,-41.489596191434046,1.9777706548596967,0.9495344837929248,0.00014101243169784006,0.022428456527605056,0.018928642244926186,0.18379864460214734,25.61332862589016,3.0873978955133063,306.24127,0.15390684,1.3638059,0.10982363,0.14977811,2585.316,0.28210744,2.0758841625574265,0.22194610270657317,0.15090715048025613,0.1390384395487117,0.23372465314834578,0.14056455109391675,263.41796875,5.988810658454895,0.0028192119130202777,0.080852078066294,0.020106081904030966,0.69499546,0.3333288669812949,5.61016321182251,6.9218855,66576.08060754433,0.9967658305540681,0.8094601349557946,1.2277462,46,0.22230606323372465
SMA09834_20230530_040000.wav,2023/Ustou_Col_dEscots/SM9834_572L_Rouge/Data/,5157.466666666666,0.0024690896,8.510117e-05,-0.01156392079667031,3.2592728366527264,52.620439529418945,-30.179504,0.32207155227661133,0.03097596,0.9928476168085707,0.0208,39,4.24924373626709,0.0208,0.032,0.6503468516542156,0.00037277816,2.7181574e-08,0.16691656448282005,2.6061495844488287,18,52.29757520754668,-40.70242465024931,-42.67694280764944,1.9745181574001265,0.9514087889403945,0.00013288913209286157,0.010701380026771568,0.008282120808849935,0.1846242369795954,36.87926606129991,3.8576265036737376,306.2196,0.17718019,1.4306657,0.08120956,0.11618374,2590.05125,0.21446972,2.076404559138801,0.220190621455059,0.15294310811920206,0.13886215505412408,0.23852721451440767,0.1406520977854856,263.58203125,6.026418209075928,0.0032340164754535755,0.0872001292688793,0.022256813517752272,0.69659173,0.3333290000139944,5.625282287597656,6.9336023,67237.1537707025,0.9968153825029731,0.8160084610803515,1.2284131,49,0.2821296358057631
SMA09834_20230530_050000.wav,2023/Ustou_Col_dEscots/SM9834_572L_Rouge/Data/,5222.15,0.0014497914,6.745532e-05,-0.0069470802841344,3.269835549097013,51.44402503967285,-31.377039,0.39569616317749023,0.026986597,0.9923302456366774,0.0352,66,3.8883116841316223,0.0352,0.03406451612903226,1.0338847385272145,0.0003310455,2.2144402e-08,0.23917704819745286,2.652154034611238,17,51.28972878690297,-41.71027104947421,-43.731679276794,2.021408227319789,0.9495759125025993,0.00014366812579946764,0.012358611254829621,0.009269023602200277,0.18357114652212425,24.437915840823184,3.035920666347865,306.16364,0.15203896,1.358599,0.06553985,0.08904237,2574.1825,0.1692693,2.0759990841212828,0.22157528336986498,0.15104671209260326,0.13905630622046042,0.22732123799359658,0.14056767776147278,263.423828125,6.0401856899261475,0.0032486075907150478,0.08863539438502675,0.022387160888280834,0.7004829,0.33332873503483523,5.595605850219727,6.9221334,66780.10607973466,0.9967462450731546,0.8158023339210971,1.2305087,50,0.33319853922091786
SMA09834_20230530_060000.wav,2023/Ustou_Col_dEscots/SM9834_572L_Rouge/Data/,5953.4,0.001637636,7.016398e-05,-0.00836888467435898,3.494298661080722,51.644654273986816,-31.50494,0.587374210357666,0.026592124,0.9888510716119653,0.06506666666666666,122,4.087742567062378,0.06506666666666666,0.04337777777777778,1.5008004268943436,0.0003489509,1.55227e-08,-0.31774442660603963,3.862898130381775,21,51.469070780618665,-41.53092904851282,-44.29816806711469,2.7672390186018703,0.9683331047730344,0.0072440568497185165,0.1524064834862191,0.10439981364591722,0.2129093385077706,11.290139306233607,2.6698073441720167,321.59625,0.34200746,2.039548,0.05033415,0.10265892,2526.33125,0.20090212,2.0751394571583988,0.22440116168008578,0.15230276660372713,0.1616636015398689,0.24759871931696906,0.16050643676627535,300.7890625,8.105252385139465,0.012558781350053363,0.129530124725771,0.08104347762613455,0.7275387,0.33333018235377193,5.784592628479004,7.039414,72894.6567021516,0.9972808384336531,0.889908303940455,1.331052,241,4.53721151280683
SMA09834_20230530_070000.wav,2023/Ustou_Col_dEscots/SM9834_572L_Rouge/Data/,4948.85,0.0020668409,4.6603884e-05,-0.0161978694967923,3.3407231905050865,50.08570671081543,-32.955162,0.3741617202758789,0.02250308,0.9929937740064517,0.027733333333333332,52,4.035468101501465,0.027733333333333336,0.03617391304347826,0.7670757737459978,0.00027453332,1.5656257e-08,0.4947200179088474,3.305645236008766,23,49.68429679668852,-43.31570274809067,-45.51532112810449,2.199618380013817,0.9466986045352976,0.0006969898027360255,0.2387011543846611,0.20166851555008458,0.18133901420364817,6.772599721017624,1.6905357452336025,309.23575,0.09423788,1.2080853,0.04725297,0.05708562,2557.1695,0.11988819,2.074328292030991,0.22699533335620908,0.15428125769641243,0.1432799874218631,0.2310565635005336,0.14469175226787617,271.15234375,6.579327583312988,0.004588905749733191,0.10473039133581474,0.03147888998264817,0.70740116,0.3333277408898236,5.497741222381592,6.9040856,66507.98656328613,0.9965510163456202,0.8306748595784023,1.2485572,108,1.0631711913020279
SMA09834_20230530_080000.wav,2023/Ustou_Col_dEscots/SM9834_572L_Rouge/Data/,5313.35,0.001057506,3.9926275e-05,-0.012411073354302424,3.306741461978492,49.15316104888916,-33.843464,0.4143228530883789,0.020315468,0.9916596941288229,0.04106666666666667,77,3.967638611793518,0.04106666666666667,0.037333333333333336,1.1005869797225185,0.00025456803,1.3175195e-08,0.6983375523022244,4.80155048312965,17,49.012536089634324,-43.98746387877275,-46.31312564873103,2.3256617699582804,0.9467686205833823,0.002734375830575342,0.24664332003014222,0.18106571881840217,0.18624610080752213,6.2971534434761205,1.7892047550256769,312.82562,0.12664844,1.2900286,0.03860016,0.04979531,2563.3055,0.10580741,2.0748342493570027,0.2254364305340774,0.15185945324685987,0.1471761129745388,0.23159018143009605,0.1477954909284952,276.96875,6.94407045841217,0.005404965981856991,0.11043762175324677,0.03754004271222638,0.71496,0.33332619597361673,5.375777721405029,6.9044437,66876.42438958518,0.9963937641587108,0.8630979770592118,1.2679219,147,1.36406083244397
SMA09834_20230530_090000.wav,2023/Ustou_Col_dEscots/SM9834_572L_Rouge/Data/,4909.816666666667,0.0015908414,2.9145755e-05,-0.01943968411046906,3.3479555349556227,48.02797794342041,-35.027435,0.38138675689697266,0.017726716,0.9924876018925779,0.0304,57,4.065949320793152,0.0304,0.03576470588235294,0.850453575240128,0.0002144447,1.0858601e-08,0.7574911006074128,4.207118980076299,18,47.639632856172796,-45.36036710494004,-47.536850196679524,2.1764830917394846,0.9390187001518355,0.0006316128626462358,0.16027764836880698,0.1315071863189563,0.1805521283113598,7.967750366836847,1.7564572181004918,310.68103,0.09695739,1.2147349,0.02950166,0.035836697,2543.1555,0.07706878,2.0752270999880875,0.22431730537211828,0.1467038830966259,0.14427337437109314,0.2305229455709712,0.14455626334044824,270.8984375,6.470136642456055,0.0035842032417289227,0.1037450892857143,0.026232408318873468,0.709458,0.3333254055038803,5.323259353637695,6.8559833,64502.426261246954,0.996168103069067,0.807857566707463,1.2462558,77,0.5358065968516542
SMA09834_20230530_100000.wav,2023/Ustou_Col_dEscots/SM9834_572L_Rouge/Data/,5606.616666666667,0.00093849667,4.2789357e-05,-0.05036085874133925,12.278024182608085,49.42244529724121,-35.128178,1.2795963287353516,0.017522305,0.959163001517521,0.08586666666666666,161,6.7914992570877075,0.08586666666666667,0.055397849462365596,1.5508271077908218,0.00026556826,1.2603147e-08,0.7597955087751427,6.635830264768083,19,49.29025858092707,-43.709741377653174,-47.702015107631155,3.992273729977981,0.9524815784981099,0.05438825097619582,0.45024210833048894,0.29934049241444727,0.18219314872836967,8.043348914208076,1.8017481311011718,327.13284,0.37226626,2.1860642,0.027698828,0.06055142,2548.24325,0.14693877,2.0546655452293106,0.28103416935516473,0.14883014530826696,0.15068989175179143,0.23692636072572038,0.15048338280416224,282.005859375,11.978027820587158,0.008194995664354322,0.12372217296592297,0.05556056668780032,0.7243887,0.3333255555541352,5.332813739776611,6.940119,68737.42522825509,0.9964674573857337,1.038631223056816,1.3862196,171,2.9761706243329775
SMA09834_20230530_110000.wav,2023/Ustou_Col_dEscots/SM9834_572L_Rouge/Data/,6585.933333333333,0.0011853568,0.00020984827,-0.11001692812049488,15.949211086519355,56.26863479614258,-33.91755,6.6243462562561035,0.020142931,0.8609261300011084,0.2912,546,11.341550350189209,0.2912,0.2157037037037037,1.3507203842049091,0.00052963407,1.2984776e-07,1.3821056142209287,5.265235498545516,23,56.22434998136861,-36.775649910718414,-47.54066214316318,10.765012232444768,0.8898154574175243,0.1099408412802878,0.29343274466810365,0.18702798640247897,0.20211439359786532,9.55121583331742,2.32747760799449,371.8205,0.84296215,11.735779,0.031514987,0.36985293,2361.72625,1.0104324,2.043727682382465,0.3017835062378754,0.17606928823577706,0.1879133156731209,0.2737459978655283,0.18648904415688367,349.48046875,20.57736873626709,0.06206851987726787,0.1934208751468217,0.2594238541944741,0.745767,0.33331137182782794,4.813803672790527,6.5479164,51474.4842860369,0.993939041160047,0.7220624051649954,2.3311942,92,16.377171991728922
SMA09834_20230530_120000.wav,2023/Ustou_Col_dEscots/SM9834_572L_Rouge/Data/,4449.45,0.0010982213,3.2260396e-05,-0.01345616277839255,3.9059375728246404,48.26670169830322,-35.392616,0.6303887367248535,0.016996881,0.9849803101856576,0.07893333333333333,148,4.307051301002502,0.07893333333333333,0.04832653061224489,1.6342049092849518,0.00020105642,2.25392e-08,3.9637866626179425,24.78875712180708,22,48.08354553834132,-44.916454116652304,-48.523773120918094,3.60731900426579,0.8387382152826781,0.008659073153979291,0.44122797957175575,0.29065887217896635,0.18589711179922697,9.190702590160297,2.1067242018811174,310.49097,-0.20289321,0.662658,0.040263537,0.026680954,2539.6665,0.08058343,2.0718969666116704,0.23582164525058147,0.17425498727526473,0.14765732200030493,0.22411953041622198,0.1510420140741729,283.052734375,7.650544047355652,0.010851620864461045,0.11168051636486333,0.05865631673785371,0.71219075,0.3331426957156509,3.733262062072754,6.224726,49116.59605438758,0.9850053945556283,0.7176162670616385,1.2717159,90,2.4335895811099255
SMA09834_20230530_130000.wav,2023/Ustou_Col_dEscots/SM9834_572L_Rouge/Data/,6167.633333333333,0.0011932211,7.809929e-05,-0.08462219231111069,19.68658596849837,52.025532722473145,-35.98087,4.84028434753418,0.015883876,0.8758409975085159,0.22293333333333334,418,10.152405500411987,0.22293333333333332,0.1438279569892473,1.5508271077908218,0.00033018328,4.3960366e-08,1.665155119829006,5.974144866955972,25,51.93908413962716,-41.0609154336094,-48.89005059437184,7.829135160762441,0.8957107933789002,0.11266011582304192,0.3245028815926533,0.20426781520636572,0.18761209469960483,7.186536397082849,1.8902712819276257,343.6233,0.7464172,6.886972,0.019404957,0.13364139,2555.6555,0.3047991,2.0477250913372624,0.29157955552640014,0.14522617190706835,0.1775542193932002,0.26520811099252933,0.17350086712913554,325.140625,16.576820611953735,0.03863623098986126,0.15303607391712065,0.20529710858248798,0.7563279,0.3333126754660043,4.844400882720947,6.5847034,54838.09347725867,0.9939583041705191,0.7237604086250489,1.731178,120,14.34254519076841
SMA09834_20230530_140000.wav,2023/Ustou_Col_dEscots/SM9834_572L_Rouge/Data/,4346.583333333333,0.0015696898,3.9103474e-05,-0.01415287938475441,6.198896324327993,49.208130836486816,-35.65036,1.5462799072265625,0.016499931,0.9646801510157177,0.17173333333333332,322,5.532868504524231,0.17173333333333335,0.08309677419354838,2.067769477054429,0.0002153427,3.0236055e-08,3.6763999466087696,18.94930787862891,22,48.935471114252934,-44.06452864836986,-49.02239228658358,4.957863638213723,0.8211518044625834,0.013653808889917518,0.3100155235077908,0.20931379021673513,0.1851155777898298,5.9500919592404236,1.7056682226784758,321.00494,-0.26013112,0.5871364,0.04934599,0.028972827,2522.8795,0.10861063,2.0686225015053172,0.2472704070227893,0.18960676463344553,0.15927780530568686,0.22838847385272146,0.1631349219583778,305.71484375,10.680943727493286,0.021738677294557095,0.15377601009942438,0.11001318072610786,0.7255522,0.33318415042595007,3.855862617492676,6.1151357,45693.78526129522,0.9852006183937192,0.7264924048825618,1.3820988,166,6.797687933564569
SMA09834_20230530_150000.wav,2023/Ustou_Col_dEscots/SM9834_572L_Rouge/Data/,5213.0,0.0008334516,6.793095e-05,-0.07578046466451589,49.473454218190106,51.385464668273926,-37.185234,5.0932207107543945,0.0138273295,0.7953925958614869,0.10453333333333334,196,13.459135293960571,0.10453333333333334,0.13937777777777777,0.7504002134471718,0.00032151488,2.815195e-08,0.8211814063017816,3.5129911194586096,22,51.282741628489894,-41.71725807778948,-49.607571796067575,7.890313718278094,0.9303795147602275,0.11235838210790827,0.364575587195729,0.18637202995937996,0.18047088535051803,8.296274328218201,1.827075716694655,348.0814,0.6941216,5.5385447,0.019991733,0.110725105,2410.90225,0.30435544,2.030081942370337,0.3297652641192476,0.13679500861998192,0.16150041927123038,0.23372465314834578,0.15841782283884737,296.875,20.10880947113037,0.023496906683564567,0.19154581955873073,0.09407821467899091,0.7391423,0.3333249797633471,5.297104835510254,6.8019786,62266.08909299018,0.9959461996331811,0.9151413072655745,1.7586889,98,6.410919156883671
SMA09834_20230530_160000.wav,2023/Ustou_Col_dEscots/SM9834_572L_Rouge/Data/,3300.7,0.0013124654,4.245668e-05,-0.03180416867362966,6.222597166969259,49.472784996032715,-35.530365,1.3438730239868164,0.016729455,0.9680833992233486,0.15733333333333333,295,5.294550657272339,0.15733333333333333,0.08504504504504505,1.8509871931696904,0.00018361554,4.9048758e-08,4.622950707561835,27.401499675147885,23,49.271084351077306,-43.72891520512059,-47.89119527989908,4.1622800747784865,0.6965772032060131,0.00016577287376295935,0.018109282505927693,0.014364597605349916,0.17959292972030605,5.835795880694969,1.562411487641781,309.07297,-0.6469404,0.21437298,0.06846722,0.014677523,2522.149,0.09697309,2.0544217851570803,0.2871094587770434,0.1746818816189147,0.1473238107943284,0.2209178228388474,0.15079917622732125,282.59765625,6.707673668861389,0.007847935565635004,0.10790582575656579,0.044676561248665245,0.72242296,0.33271160585960996,3.142198324203491,5.328948,28022.46678268805,0.9675904400646687,0.3938698295790785,1.2538321,52,1.8069011806296693
SMA09834_20230530_170000.wav,2023/Ustou_Col_dEscots/SM9834_572L_Rouge/Data/,3921.866666666667,0.00155291,1.7460785e-05,-0.00013487449478137169,3.3646604385315855,46.003079414367676,-37.380577,0.39974546432495117,0.013519827,0.9920724774876871,0.0368,69,3.7800586223602295,0.036800000000000006,0.03873684210526316,0.9505069370330843,0.00014800587,1.2137639e-08,3.10760807772954,14.746959280879604,25,45.41302582756805,-47.586973910602254,-49.87261137983859,2.2856374692363346,0.8478639969211273,0.00012304744218694097,0.009978484470581916,0.007968436470259133,0.18133688808704074,23.385858941752115,2.940805034681011,309.01862,-0.2885373,0.5521475,0.023173686,0.012795294,2525.046,0.04334979,2.0735320210141452,0.23041448683367846,0.15079221738773496,0.14740718859582255,0.23959445037353255,0.14784655983191033,277.064453125,6.26525342464447,0.004900530282817503,0.10271161321210182,0.03327116632741591,0.71693695,0.33324569451118197,4.121837139129639,6.2835617,49011.09115772796,0.9887107517570257,0.6981542283539793,1.2438259,29,0.43012523345784415
SMA09834_20230530_180000.wav,2023/Ustou_Col_dEscots/SM9834_572L_Rouge/Data/,5279.633333333333,0.0009449547,1.294263e-05,-0.0008724113199154457,4.624173975046388,44.43056583404541,-39.005463,0.7085294723510742,0.011213135,0.9827804861787618,0.072,135,4.849293828010559,0.07200000000000001,0.048,1.5008004268943436,0.00014420063,4.4674104e-09,1.957792991257941,12.116194148059174,23,44.11724526076077,-48.88275470299011,-51.78152236844462,2.898767665454507,0.9369376336396618,0.007817061906467138,0.24698590456925062,0.18092176457636455,0.17832862622008627,4.4333112151488185,1.3837285950343445,320.8758,0.15869254,1.3772522,0.011333877,0.015609607,2526.3315,0.0364974,2.0734003763961204,0.23040259743653788,0.14778753796896804,0.16061304124104284,0.22838847385272146,0.159041071905016,298.04296875,8.750473856925964,0.012582752467982926,0.13620061383928572,0.07534078016550988,0.73616207,0.333314277788304,4.884769916534424,6.842512,66573.22613575713,0.995201971847564,0.922416473855637,1.3287358,177,3.5894143543223054
SMA09834_20230530_190000.wav,2023/Ustou_Col_dEscots/SM9834_572L_Rouge/Data/,4065.0166666666664,0.0015836759,1.1846102e-05,0.0065731827847337046,3.5453267004455933,44.59036827087402,-38.797955,0.43746376037597656,0.011484243,0.9904535492529758,0.034133333333333335,64,4.647805690765381,0.034133333333333335,0.049951219512195125,0.6836979722518676,0.00012872941,6.5299313e-09,2.71854352000735,13.975453969762032,22,43.729043555982344,-49.27095615040729,-51.555682979318725,2.284726828911438,0.8870446258202901,0.002353518052943704,0.22962203922908841,0.17142195623163603,0.18283280215189934,7.207173818768006,1.7642015156315338,313.2725,-0.1128104,0.79725134,0.013700023,0.010922362,2504.5315,0.030309554,2.0754338832576797,0.22376393301631428,0.14117067564239388,0.1559105332367739,0.23159018143009605,0.15411240161419423,288.806640625,7.102303504943848,0.008437833511205977,0.13991006944444445,0.049303892902429265,0.72214264,0.33327865234362736,4.357691287994385,6.5295167,56033.51358326009,0.9917440917342901,0.789051887033759,1.2675529,36,1.7045549292956244
SMA09834_20230530_200000.wav,2023/Ustou_Col_dEscots/SM9834_572L_Rouge/Data/,4436.016666666666,0.0010798172,1.3200707e-05,-0.0062369716888557546,3.787924067924011,44.594173431396484,-39.041077,0.6132111549377441,0.011167249,0.9878142413082089,0.0688,129,4.292886257171631,0.0688,0.04690909090909091,1.4674493062966916,0.00013598577,7.226936e-09,2.563809214141267,11.864482973215424,23,44.19525128077339,-48.80474841308953,-51.70623167587421,2.90148326278468,0.8888353856178074,0.012056643213745999,0.40815080182991026,0.3163149861341227,0.18491518633455484,13.056342256997596,2.3110904275984905,319.29572,-0.11521686,0.79337317,0.015169861,0.012035361,2540.81775,0.034901064,2.0716325649960012,0.2372545326824415,0.14124456120187176,0.1585285962036896,0.24919957310565635,0.1563615178094984,293.021484375,8.241256475448608,0.00817415121398079,0.12308762400793652,0.054615548251468235,0.7404719,0.3332912287830065,4.4883713722229,6.5409584,56104.39705820079,0.9922716799192131,0.8321659464960112,1.3093889,142,2.1878335112059766
SMA09834_20230530_210000.wav,2023/Ustou_Col_dEscots/SM9834_572L_Rouge/Data/,5025.366666666667,0.0012633603,2.6624964e-05,-0.039806246741999465,8.882254904038714,47.52633094787598,-38.334545,2.0788612365722656,0.012113588,0.9502498800358303,0.18613333333333335,349,6.430510878562927,0.18613333333333335,0.1034074074074074,1.8009605122732122,0.00018818588,1.6480854e-08,1.5107036551157327,5.6797014718079515,24,47.24393632713149,-45.756063589607564,-52.1347231132258,6.378659523618239,0.8876788978366722,0.06787105371279722,0.3922106228541641,0.23406126624588874,0.21499655383727112,13.995292916283624,2.9765936542032407,334.73767,0.47207674,2.7884293,0.015006741,0.041845236,2593.7925,0.08702491,2.0471579732649388,0.2968676574002519,0.1390279944175355,0.1790919442750419,0.2198505869797225,0.17411160952508004,326.28515625,13.226670026779175,0.027532392275880467,0.14819093391081362,0.15543923935531231,0.76313287,0.3333100266609108,4.784079074859619,6.534464,51253.92546614646,0.9936925312504172,0.6273318121592658,1.5162058,316,8.761443603255069
SMA09834_20230530_220000.wav,2023/Ustou_Col_dEscots/SM9834_572L_Rouge/Data/,3883.6833333333334,0.0018513959,7.1148897e-06,-0.007240120880215632,3.525701411084573,43.250060081481934,-40.1107,0.3334817886352539,0.009873368,0.9918629222325434,0.021866666666666666,41,4.848347306251526,0.021866666666666666,0.03545945945945946,0.6169957310565635,0.00010556774,2.7085947e-09,1.572751209713676,7.59097478792658,20,41.50818243964686,-51.491817262049544,-53.65738830542984,2.1655710433802966,0.9315505255207689,0.00034347005262103103,0.03224679194722746,0.028263719446704583,0.1828941972426481,16.92244380068056,2.490578426613034,314.56512,0.016219996,1.0329748,0.0075530126,0.007802072,2523.7865,0.018235927,2.0750233856202227,0.22500884358022866,0.14133486577456694,0.15473252401280682,0.22518676627534684,0.1530357857524013,286.7890625,6.661531925201416,0.004442994597118464,0.11359430673493176,0.0315114768252803,0.7235471,0.333319381307471,5.040637016296387,6.8089957,64521.826790087325,0.9953760732896626,0.8793951725981622,1.2621948,47,0.24690251467449306
SMA09834_20230530_230000.wav,2023/Ustou_Col_dEscots/SM9834_572L_Rouge/Data/,3595.35,0.0014360573,9.734494e-06,0.027656884530733127,3.221404383727822,43.738226890563965,-39.517563,0.23527193069458008,0.010571144,0.9941756858923473,0.017066666666666667,32,3.6267998814582825,0.017066666666666667,0.03531034482758621,0.48359124866595515,0.000110622736,6.7525643e-09,2.491486615656085,9.749863376107788,22,42.87793879383755,-50.12206117383041,-52.332715273335054,2.2106540995046444,0.8562646232668053,0.0002709852253769407,0.01674769251829944,0.013099081257280099,0.179843010217965,8.894732515744778,1.8923676875207072,312.67383,-0.32757166,0.50651,0.013451379,0.006813258,2537.23325,0.023928378,2.073902020889223,0.22893828498605906,0.14906001149330925,0.15282912791584083,0.21664887940234792,0.1523666788954109,285.53515625,6.454969644546509,0.004523245731056564,0.1102507748357964,0.03245649526161239,0.7245406,0.3332831092508665,4.400201797485352,6.3370285,48693.53627998909,0.9907938214018941,0.6801351000819029,1.254499,43,0.18478605256136607
SMA09834_20230531_000000.wav,2023/Ustou_Col_dEscots/SM9834_572L_Rouge/Data/,3104.45,0.0012202497,1.3279066e-05,-0.001640931072379998,3.1849103861154906,44.71383571624756,-38.671947,0.2665266990661621,0.011652058,0.9937315198624229,0.021333333333333333,40,3.7002989649772644,0.021333333333333333,0.034594594594594595,0.6169957310565635,0.00011725685,1.2194162e-08,2.7615893545980286,10.728968138935839,19,44.232957568405055,-48.767042830134145,-50.88610664835703,2.119063818222884,0.7998875637629709,0.00042532791787075475,0.03086106638673447,0.02457636629526161,0.186813100892799,32.843992362060156,3.638815323475728,312.213,-0.5212426,0.31471467,0.02071358,0.006518868,2525.4275,0.031887632,2.0730607932003835,0.2322235595957615,0.1410393235366554,0.15230622998932766,0.240128068303095,0.15091694737193168,282.818359375,6.444368958473206,0.004428403481856991,0.10964742236929738,0.03226097420581954,0.72415453,0.3332403849053662,4.092426776885986,5.9833407,37800.08520233699,0.98686030972749,0.5051197150814094,1.2525566,38,0.12475403548559232
SMA09834_20230531_010000.wav,2023/Ustou_Col_dEscots/SM9834_572L_Rouge/Data/,2971.983333333333,0.0020196345,9.076634e-06,0.007366637158890796,3.216351690063542,44.21168804168701,-39.376625,0.2529587745666504,0.010744071,0.9948135260273425,0.0176,33,3.5721099376678467,0.0176,0.0352,0.5002668089647812,0.00010378702,6.990045e-09,2.5291846871184633,9.793231109325328,25,42.58756678967253,-50.41243305924837,-52.54645534682097,2.1340222875725985,0.8390425099196047,0.0004964848980640868,0.12295218020520238,0.10685586203801123,0.18223985309998192,12.145462644160709,2.153198687882192,313.00912,-0.39501795,0.43367332,0.01323777,0.0057408675,2513.19375,0.022095535,2.0738044683435692,0.2294317191295267,0.14354322305229456,0.1541238660618997,0.24813233724653147,0.1527908634605123,286.330078125,6.493031978607178,0.004413812366595517,0.10864430386864599,0.03209803999265884,0.72483057,0.33327233012823854,4.302986145019531,6.229057,44968.302278271934,0.9897366752848029,0.6306360216557529,1.2534599,49,0.20979939300960512
SMA09834_20230531_020000.wav,2023/Ustou_Col_dEscots/SM9834_572L_Rouge/Data/,3100.633333333333,0.0017844206,9.716498e-06,0.027856783067154247,3.4746130902745396,44.126715660095215,-39.487408,0.35660314559936523,0.010607907,0.991676714166152,0.037866666666666667,71,3.7083065509796143,0.03786666666666667,0.03606349206349206,1.0505602988260405,0.00010408406,8.238484e-09,4.131793404379224,27.459707717234913,23,42.896656114874006,-50.10334382601024,-52.9508495222322,2.8475056962219583,0.7995270116900287,0.0005481147157454513,0.06306120115152147,0.05391686527315909,0.18270720936968177,9.261167924290273,1.9463231120786253,316.81625,-0.427388,0.40116075,0.014344239,0.0057543456,2511.90225,0.0243041,2.070170439766814,0.2431758933869041,0.1516213775552089,0.15746493367891445,0.21718249733191036,0.15675026680896478,293.75,6.761257648468018,0.005363277081109926,0.11393793211996339,0.03841988746329419,0.73487633,0.33296668451900285,3.4062469005584717,5.977325,42067.33597696387,0.9796127546578646,0.6022572138012475,1.2724493,39,0.2117796157950907
SMA09834_20230531_030000.wav,2023/Ustou_Col_dEscots/SM9834_572L_Rouge/Data/,4109.633333333333,0.00075115176,8.011803e-06,0.0029845376650122634,3.3648728159697128,42.35346794128418,-40.68691,0.31105613708496094,0.009239633,0.9916960119779934,0.0304,57,4.089839160442352,0.0304,0.037224489795918365,0.8171024546424759,0.00010265509,5.1339084e-09,2.6828494963554217,12.100989108821068,26,42.04393708734844,-50.95606293246368,-53.39705622455155,2.4409932920878674,0.8666409098688614,0.00047469258470078657,0.03344490053030624,0.027101540842647598,0.18229170231637093,14.75476265331612,2.348141283054543,317.6002,-0.2719505,0.57238823,0.010619873,0.0060786903,2509.36425,0.020074215,2.0735795289052454,0.23034235936315356,0.14993842870043508,0.15865366290593078,0.22572038420490928,0.15760488927427962,295.3515625,6.7469704151153564,0.005324714847918891,0.11821583824191952,0.0378007374532835,0.73507446,0.3332727598802497,4.306520938873291,6.40175,51593.95164132098,0.9907880499958992,0.7395144563631113,1.2704664,57,0.3790563300426894
SMA09834_20230531_040000.wav,2023/Ustou_Col_dEscots/SM9834_572L_Rouge/Data/,3109.0333333333333,0.0019470322,9.337805e-06,0.029959235422547522,3.3948345653333862,44.2028284072876,-39.489838,0.3060469627380371,0.010604939,0.9933625203914088,0.022933333333333333,43,3.8434848189353943,0.022933333333333337,0.03718918918918919,0.6169957310565635,0.00010415008,7.407883e-09,3.634266890966827,21.251735810972363,25,42.70654704999736,-50.29345314562052,-52.934632633091866,2.641179487471348,0.8185647267732045,0.0004842218400066267,0.026921656621588186,0.021561372403427592,0.1846228897803407,19.962046947155137,2.769011421526741,316.7574,-0.393885,0.43483862,0.013318653,0.005791465,2516.31475,0.02305436,2.0718498695220005,0.23659340601277012,0.14386339381003202,0.1592516008537887,0.2550693703308431,0.15735788253735325,294.888671875,6.73181414604187,0.005369530416221986,0.11302760394356395,0.0389086901027763,0.73674905,0.33311484358273447,3.6650795936584473,6.0983686,44407.64232386865,0.9840163476765156,0.6463642497687327,1.2697192,53,0.22251450773745998
SMA09834_20230531_050000.wav,2023/Ustou_Col_dEscots/SM9834_572L_Rouge/Data/,2850.4,0.002329684,7.145882e-06,0.001091310656058665,3.354562762987105,44.015092849731445,-39.785095,0.24724340438842773,0.010250508,0.9941262075682161,0.012266666666666667,23,4.50124979019165,0.012266666666666667,0.03504761904761905,0.35018676627534684,9.821577e-05,4.2869104e-09,2.351147409987662,9.54146827001975,25,41.53322354753495,-51.46677651274523,-53.65928268301104,2.1925061702658155,0.8790173929188189,0.0005440530659429621,0.06853403993440055,0.05829102778446982,0.18227943674655578,7.291405353769029,1.777069601422243,317.44342,-0.23770228,0.6158975,0.009319161,0.005739648,2518.16775,0.01794843,2.074678567759484,0.22621313126228718,0.14887119284131023,0.1597995121207501,0.22038420490928495,0.15844075173425828,296.91796875,6.905156970024109,0.006157450640341516,0.12085252468885284,0.04242806910704752,0.734886,0.3332948476502982,4.533306121826172,6.4796786,53383.115350357984,0.9922036984935403,0.7623111548538861,1.2775238,69,0.35237543356456774
SMA09834_20230531_060000.wav,2023/Ustou_Col_dEscots/SM9834_572L_Rouge/Data/,7026.849999999999,0.0010967976,0.00021448477,-0.06424012537814318,55.36401781523437,56.35885715484619,-34.265472,7.3167724609375,0.01935203,0.7607611223599219,0.2986666666666667,560,12.071417570114136,0.2986666666666667,0.10124293785310735,2.951574172892209,0.0004871571,1.8175379e-07,1.9588962845988775,7.257052028365336,22,56.31562603059946,-36.684374050679445,-50.24853429241759,13.564160241738143,0.8360372468600612,0.10162391033187868,0.38445595702312196,0.23756272081021856,0.223650055793436,9.500344240737181,2.448013543573699,414.42175,0.9125276,21.86435,0.0176898,0.38677597,2433.0515,1.1122235,1.9719621151397646,0.4084713055531649,0.15471636154667104,0.2756660695227931,0.35005336179295626,0.2605973185699039,488.359375,19.78891611099243,0.09383754669156884,0.17530507571812137,0.48570688943206086,0.8286531,0.33328048430848867,4.374729633331299,6.210721,39848.961737126236,0.9905516728758812,0.4805938598241716,2.5245922,52,2.3454175560298824
SMA09834_20230531_070000.wav,2023/Ustou_Col_dEscots/SM9834_572L_Rouge/Data/,3687.4333333333334,0.0016535494,1.2901623e-05,-0.005597708137711846,8.437370571826355,44.96181011199951,-39.265255,0.986231803894043,0.010882716,0.9684162073882207,0.06933333333333333,130,6.381880044937134,0.06933333333333333,0.0611764705882353,1.1339381003201707,0.00013286479,7.527699e-09,2.0939718751511593,9.215568505314055,27,44.10338660403062,-48.896613414308604,-52.78193362657039,3.8853202122617887,0.8868477247942357,0.044998575828034126,0.41581919665697487,0.21961952361265402,0.1902504954961527,8.28224072905246,2.0179416466046245,338.4481,-0.05265039,0.89996606,0.013697684,0.01232745,2520.9595,0.03942839,2.053338473993474,0.29248994158460295,0.14587472292915193,0.17779005946028356,0.2486659551760939,0.17382291388740662,325.744140625,12.398334741592407,0.02186270177427961,0.15069075465869186,0.12966304683328886,0.76602036,0.33329574822225067,4.545145034790039,6.5287976,53906.492875751515,0.9927441868931055,0.8285113498447331,1.487648,197,6.222276881003202
SMA09834_20230531_080000.wav,2023/Ustou_Col_dEscots/SM9834_572L_Rouge/Data/,2593.8333333333335,0.0020299659,3.1850373e-05,0.0016074357533573621,3.792491838207806,48.58014106750488,-35.98598,0.6879100799560547,0.015874531,0.9830846323476857,0.08106666666666666,152,4.609336853027344,0.08106666666666666,0.051744680851063825,1.5675026680896478,0.00015794724,3.722838e-08,4.600341028819501,26.50708043728565,23,48.02890692304789,-44.97109317551069,-48.824653776653406,3.8535606011427177,0.693710290634497,0.07058220495594636,0.33690911280564984,0.2265711153582326,0.20011915718792683,13.419944671678603,2.769886220699457,336.06366,-0.57599217,0.26904184,0.048357897,0.013010298,2449.664,0.07554603,2.066091987381867,0.2586714334472299,0.15471636154667107,0.17728502820551914,0.2630736392742796,0.1745066118596585,327.025390625,13.892874717712402,0.026872665421558167,0.1486270714186383,0.15374472353844099,0.7594273,0.33277387893758714,3.1949682235717773,5.311212,27388.106301649885,0.967818345874548,0.5528676014773076,1.5216706,198,5.551502467982925
SMA09834_20230531_090000.wav,2023/Ustou_Col_dEscots/SM9834_572L_Rouge/Data/,4560.8,0.00094911933,1.3902975e-05,-0.03114722064074501,30.107446563737746,44.72433090209961,-42.70217,3.828622817993164,0.0073264185,0.8746117585299732,0.16106666666666666,302,9.937214255332947,0.16106666666666666,0.10981818181818181,1.4674493062966916,0.00013472728,8.888615e-09,1.2420067121340497,3.9030799112498937,25,44.41277532649007,-48.587224523434855,-56.32415513017754,7.736930606742682,0.8867489685342735,0.1180710144464332,0.35294997383130733,0.17992197385575648,0.1909472787091081,7.028686618765628,1.9323677359648919,352.7994,0.6118903,4.1531825,0.00520345,0.021610878,2524.24275,0.059520215,2.0315991854408866,0.32773635961339204,0.15061160824234462,0.1840088523402958,0.24653148345784417,0.17987405783084312,337.083984375,17.463467121124268,0.03416718082977588,0.17230672677819545,0.1709179896055793,0.7675092,0.33331667778475094,4.952077388763428,6.5289273,50058.01160351483,0.9942164644598961,0.6778514089389771,1.7461166,134,8.798546724919957
SMA09834_20230531_100000.wav,2023/Ustou_Col_dEscots/SM9834_572L_Rouge/Data/,4057.35,0.001694604,9.0074e-06,0.02257124327963107,5.1384972165921425,43.76842975616455,-40.87249,1.2087340354919434,0.009044317,0.9756189732971317,0.16586666666666666,311,4.744692444801331,0.16586666666666666,0.07058156028368795,2.3512540021344717,0.000117399046,3.806049e-09,1.8160856750726915,8.828786117122842,22,42.54500839645808,-50.454991318269734,-55.7526954264213,5.297704108151564,0.9221780061058819,0.029966175583140187,0.1999869925318617,0.11985095436371596,0.1969282101041202,9.269840239739949,2.2137762800202263,362.94614,0.13823241,1.3208114,0.0077581564,0.010247061,2520.05825,0.031702697,2.0709217092005714,0.2401898018682381,0.16599622362696004,0.20088451936270774,0.25400213447171827,0.1965829692502668,368.396484375,12.940164804458618,0.039372040088046956,0.15566985689693288,0.2245559325780833,0.7880148,0.33331428458041046,4.884948253631592,6.7502093,62382.527170389054,0.9947459092363715,0.9466682669372867,1.7030075,166,8.925489427694771
SMA09834_20230531_110000.wav,2023/Ustou_Col_dEscots/SM9834_572L_Rouge/Data/,3474.5833333333335,0.0016321031,1.2706679e-05,0.017420895870509434,5.678561882221082,44.8874568939209,-39.641144,1.2042803764343262,0.010421808,0.9706814541408347,0.1328,249,5.258989334106445,0.1328,0.05946268656716418,2.2345250800426895,0.00012285456,9.65558e-09,2.4074898340255095,10.08418593874664,21,44.028244648637326,-48.971755344956236,-53.45432162107816,4.482566276121922,0.8452288405262406,0.059651368033697305,0.3666404674683851,0.20383806141380434,0.21074783193615532,15.618465447752769,3.053942798010787,358.35745,-0.14045432,0.7536871,0.014180262,0.01068748,2596.56775,0.036071815,2.056249080789661,0.2771465881073908,0.16125112880715867,0.20193269743863393,0.24226254002134473,0.19690605823105656,369.001953125,13.270871639251709,0.03280916488794024,0.14334593124849226,0.19574916369127066,0.79159224,0.33327026762708556,4.286360740661621,6.2677402,44633.07489659901,0.9899209085851908,0.822564912797437,1.6618688,196,3.480502101120598
SMA09834_20230531_120000.wav,2023/Ustou_Col_dEscots/SM9834_572L_Rouge/Data/,2988.8166666666666,0.0014866983,6.236007e-06,0.00552680038707486,28.23673564327811,42.287254333496094,-42.578766,1.3394756317138672,0.007431251,0.9447606332754109,0.0656,123,7.805877327919006,0.0656,0.07156363636363637,0.9171558164354322,9.6182775e-05,2.9120506e-09,0.8170476016225193,3.891608536507256,21,40.943169180412724,-52.056830632793414,-56.507937685592665,4.451107052799252,0.9232047807498996,0.07716254628784913,0.4203117718817576,0.25213623273608354,0.18603739680209808,5.817542174597959,1.6892572848498453,339.841,0.13770798,1.3193998,0.005604469,0.007394536,2462.232,0.02160707,2.0262662803848093,0.33763458336886637,0.14506198177489532,0.17550312547644456,0.240128068303095,0.17171553995464248,321.794921875,15.470825433731079,0.027463605589647812,0.16483348206417947,0.14631492341831287,0.75772727,0.33332297819773277,5.1897077560424805,6.757071,59121.33158047451,0.9956505168229342,0.8644066262628406,1.5699303,192,8.478792856189967
SMA09834_20230531_130000.wav,2023/Ustou_Col_dEscots/SM9834_572L_Rouge/Data/,2955.616666666667,0.0018155059,5.2626547e-06,0.09225924461548964,5.970167194293889,42.34468460083008,-42.40122,1.0520648956298828,0.007584716,0.9783166175780224,0.1152,216,5.08487343788147,0.1152,0.06843564356435644,1.68423159018143,8.894829e-05,2.3539934e-09,0.8485015284436623,4.15057352677602,17,40.20662390572941,-52.79337579116535,-56.892344638914224,4.098968847748871,0.9263349414323365,0.0649969678256489,0.2783134094957067,0.17720707339740505,0.18641708976834415,5.109397191917227,1.6294712194701886,356.32138,0.112955384,1.254678,0.004861843,0.0061000474,2578.2285,0.018354472,2.0425533448263327,0.3099320420332502,0.1348821935801658,0.1901764274279616,0.23692636072572038,0.18331130769743864,343.525390625,15.28944730758667,0.041428345117395945,0.14169219949989625,0.24039313809730375,0.7773613,0.3333233001764408,5.205501556396484,6.7766256,60116.17387162516,0.995705742854625,0.934564231134196,1.7781336,219,13.165459078175026
SMA09834_20230531_140000.wav,2023/Ustou_Col_dEscots/SM9834_572L_Rouge/Data/,2683.616666666667,0.0010130988,7.308334e-06,0.06264631498734895,8.30731801854286,42.22949981689453,-42.684875,1.3914403915405273,0.0073410207,0.9590279168346308,0.11893333333333334,223,6.153408885002136,0.11893333333333334,0.08297674418604652,1.4340981856990394,8.08192e-05,7.673411e-09,3.5436199271034674,18.287422456281284,16,41.61715831384393,-51.3828411433396,-56.04005982613832,4.657218682798721,0.7538361133067383,0.1512300109992034,0.4639711095320401,0.31564543878591533,0.19048108840985223,6.974297360989098,1.9085683408350662,330.93533,-0.4122258,0.41620412,0.010178872,0.0042364886,2587.9905,0.019182134,2.0255772352765575,0.33553887219594075,0.16149741400541828,0.17677642361640494,0.2321237993596585,0.17495372532017078,327.86328125,15.404747724533081,0.04049242929562433,0.16814347269107685,0.20845803231780569,0.75540257,0.3330501987366006,3.5354878902435303,5.691947,31247.119876572604,0.9788356088101864,0.6498944533849015,1.6091325,187,14.049367996264674
SMA09834_20230531_150000.wav,2023/Ustou_Col_dEscots/SM9834_572L_Rouge/Data/,2088.6833333333334,0.0008789299,3.5207026e-06,-0.09396169472428956,5.602855189186453,39.34843063354492,-44.56711,0.5050420761108398,0.0059107775,0.9867907612939559,0.038933333333333334,73,5.160156488418579,0.038933333333333334,0.05191111111111111,0.7504002134471718,5.296615e-05,4.0132453e-09,3.099607140025351,15.140583136255232,18,38.429688407227296,-54.57031143896913,-57.36310079228745,2.7927893533183195,0.743485509447211,0.009549980416421189,0.47580539015506373,0.36870519152374104,0.18723829098378153,13.938473319830209,2.443270975536099,307.3231,-0.6254769,0.23040809,0.0059645693,0.001374285,2539.0545,0.008883193,1.8675503469778771,0.483304406706886,0.1459568179952385,0.14033555991767038,0.23425827107790823,0.1410627334578442,264.3515625,7.8982847929000854,0.00796362226520811,0.12224021962125486,0.04822852709556861,0.69969565,0.33305823265497264,3.5498805046081543,5.627766,26253.710647666554,0.9796078056097031,0.2900710343378104,1.2687876,149,2.810040354855923
SMA09834_20230531_160000.wav,2023/Ustou_Col_dEscots/SM9834_572L_Rouge/Data/,5998.033333333333,0.0020535332,4.0354284e-05,-0.021756794532322155,3.993488063780576,49.51115608215332,-33.74419,0.4269890785217285,0.020548992,0.9893445261514782,0.03573333333333333,67,4.648628830909729,0.03573333333333333,0.04288,0.833778014941302,0.00026456564,8.829872e-09,2.0039420906302086,19.62359771334243,6,49.0593306919494,-43.94066889139809,-46.33038660771959,2.389717716321499,0.9618339186152957,0.0012906936517471657,0.31741647431709263,0.2824323129386622,0.1821560444725936,8.944621306134671,1.8935707154503558,299.7857,0.3193163,1.9382223,0.030197714,0.05852988,2493.0315,0.09666727,2.073258943172772,0.23085005526571828,0.15176093916755604,0.1400949554047873,0.22305229455709713,0.1415880136072572,265.3359375,7.230260968208313,0.007554028815368196,0.11048267030141268,0.04200444015282968,0.6695931,0.33332035290247103,5.076727867126465,6.9983573,73617.4232065798,0.9962622357998043,0.95461484505424,1.2404752,78,1.508408651280683
SMA09834_20230531_170000.wav,2023/Ustou_Col_dEscots/SM9834_572L_Rouge/Data/,3085.9666666666667,0.0011875632,7.976537e-06,0.01834560420165809,14.748066454715902,42.745795249938965,-41.1149,0.9211454391479492,0.008795394,0.9617477061455036,0.050133333333333335,94,7.0608603954315186,0.050133333333333335,0.061387755102040815,0.8171024546424759,9.9317935e-05,5.6180784e-09,2.3654476603005845,8.93794708305172,21,41.9910069196017,-51.008992893497975,-53.61124375712072,2.602250863622743,0.8547861839632549,0.06538602701153562,0.6680132425300565,0.41479171641992485,0.18778646250994935,8.415829691501582,1.973461128392679,330.58832,-0.29133803,0.54878116,0.010676769,0.005859209,2484.421,0.020676915,1.9958423387087907,0.380230264534125,0.13235366554470077,0.16766561213599634,0.24439701173959444,0.16322872198505872,305.890625,13.24478268623352,0.026272345250800428,0.15682218201255715,0.14025377068873465,0.7353857,0.3332856142903135,4.425784111022949,6.3279023,47965.26176928982,0.9909855062142015,0.7722028676522614,1.4961085,154,7.289095851120598
SMA09834_20230531_180000.wav,2023/Ustou_Col_dEscots/SM9834_572L_Rouge/Data/,3417.1833333333334,0.001345386,1.4525762e-05,-0.05754457767225813,7.165115652798295,45.152010917663574,-40.76526,2.445840358734131,0.009156666,0.9489578757151672,0.24693333333333334,463,6.3031333684921265,0.24693333333333334,0.10507801418439716,2.3512540021344717,0.00013066162,1.1257148e-08,3.005897787186695,18.621917226445476,22,44.61510448505549,-48.3848955864794,-54.538757541998166,6.153861955518764,0.8369412641097298,0.1070516804236803,0.29559635427441977,0.1739226046629071,0.1873835918393496,9.157541338469281,2.0600930674596007,356.68732,0.0044850167,1.0090104,0.014026616,0.014153002,2571.17,0.04637269,1.9941002778858192,0.37740538327478124,0.15644035793448816,0.19190711236468974,0.24439701173959444,0.18752501334044824,351.421875,18.33592653274536,0.05521069570437567,0.16194977956397794,0.271187704384677,0.7781331,0.33314929582411423,3.7508792877197266,6.2141147,43996.2489804432,0.98619528952986,0.9708300566351928,2.0009034,99,20.03735325506937
SMA09834_20230531_190000.wav,2023/Ustou_Col_dEscots/SM9834_572L_Rouge/Data/,2313.233333333333,0.0013845252,5.2474256e-06,-0.00824919938517786,6.947855516215082,41.57236099243164,-42.54516,0.6249256134033203,0.007460061,0.9819794688085564,0.0512,96,5.4832422733306885,0.0512,0.055854545454545455,0.9171558164354322,7.651063e-05,4.335783e-09,2.4046136442730344,9.21970009898173,22,40.174295834441985,-52.825703944952295,-55.66955960325457,2.8438556583022745,0.8287916559975779,0.06646853479254411,0.37803230164321455,0.26587866862544285,0.19108872742735916,13.265615934336214,2.4582056463315265,334.96594,-0.37727156,0.45214644,0.0073381723,0.0033179284,2519.42425,0.0146217225,2.05440885856933,0.29209439290323863,0.13242755110417861,0.1685827679524318,0.24119530416221985,0.16406562666755603,307.458984375,13.65994930267334,0.023352037753468516,0.15102212983955637,0.13461624691337426,0.74569255,0.33326905574843596,4.276843547821045,6.164885,41409.922178068366,0.9892922788858414,0.6200356178608725,1.4938648,239,7.328283417822839
SMA09834_20230531_200000.wav,2023/Ustou_Col_dEscots/SM9834_572L_Rouge/Data/,1623.1666666666667,0.0022692622,6.430833e-06,0.017279125088945472,4.901411705521035,43.657827377319336,-41.092384,0.5093650817871094,0.00881822,0.9878726409158471,0.05173333333333333,97,4.75292831659317,0.05173333333333333,0.06086274509803921,0.850453575240128,7.383837e-05,6.981686e-09,2.4100528646627075,8.836047223069139,23,41.038735327473105,-51.961264844629405,-54.719587751107255,2.7583229064778507,0.7712821098469953,0.21041996491870796,0.5622127327811992,0.3816764607111812,0.20514519564843248,23.182974296287043,3.792702412740572,331.03174,-0.45257005,0.37686995,0.009283771,0.0034987743,2537.252,0.016731428,1.9353302264247128,0.43767367804029417,0.13669649454067812,0.1618839571581034,0.2310565635005336,0.15873882737459977,297.4765625,15.289996862411499,0.019788678962113126,0.14580161923436252,0.10792762279765081,0.7278498,0.333231055730721,4.0446038246154785,5.804492,28267.29012334292,0.9860726548358798,0.5784498220808294,1.510912,209,6.9684039821237995
SMA09834_20230531_210000.wav,2023/Ustou_Col_dEscots/SM9834_572L_Rouge/Data/,1457.9,0.002126754,1.1644753e-05,-0.007841606397628622,26.734249008393963,45.10711669921875,-42.569412,3.0488576889038086,0.0074392566,0.8882610692096674,0.1232,231,9.633023738861084,0.1232,0.1296842105263158,0.9505069370330843,9.901731e-05,1.2840759e-08,1.385438875926438,4.071144784694989,21,43.642458310492565,-49.357541842456214,-56.7037706574909,7.346228815034685,0.8080351845200461,0.1918309654025505,0.5027726359099176,0.3424678711035811,0.19085027966501333,12.301680856178853,2.410367891344074,321.2237,0.14887293,1.3498254,0.01181797,0.015952196,2576.9485,0.03315848,1.330850064859011,0.7099030702649219,0.13631885723668008,0.1571421424759872,0.2198505869797225,0.15456055729722518,289.646484375,18.568612337112427,0.026799709845250798,0.20309455860219502,0.12148374933262146,0.71403337,0.3332953804468464,4.540276527404785,6.036352,24970.23714556212,0.9911700719967484,0.3937368403045272,1.5682926,184,7.986968049626468
SMA09834_20230531_220000.wav,2023/Ustou_Col_dEscots/SM9834_572L_Rouge/Data/,976.0666666666666,0.0020610108,2.2913466e-06,-0.1305821110045726,3.2907515201880453,41.17578983306885,-43.96245,0.16986656188964844,0.0063369107,0.996566716415259,0.004266666666666667,8,3.534534275531769,0.004266666666666667,0.03657142857142857,0.11672892209178228,4.5105386e-05,2.3426592e-09,2.5188591305659207,11.542671020058087,20,36.504618758037395,-56.49538085039188,-58.852125970449464,2.3567451200575817,0.7841641454537557,0.00042298465836931864,0.12160949251088571,0.09488258707222796,0.18423771577461967,41.61837331288456,4.083894597079081,302.51767,-0.4986034,0.33457592,0.0037187068,0.0012441898,2544.3465,0.0051581794,2.0634734707249844,0.2677231784949671,0.14414251703472622,0.13615833206281444,0.23852721451440767,0.13722631236659552,257.162109375,6.084719300270081,0.004080301160618997,0.09637005714191771,0.027242600440469836,0.68665177,0.33316832763375714,3.8054590225219727,5.884275,30380.66147628515,0.9849752318114042,0.3438865236408025,1.2259011,65,0.9695796091248666
SMA09834_20230531_230000.wav,2023/Ustou_Col_dEscots/SM9834_572L_Rouge/Data/,1275.85,0.0018481509,5.1266147e-06,-0.026015514238904375,3.1187372269886597,42.33633518218994,-41.89796,0.2058420181274414,0.008037154,0.996039981059259,0.0026666666666666666,5,3.0803731083869934,0.0026666666666666666,0.032,0.0833778014941302,5.6532946e-05,6.7777126e-09,2.681645410798888,10.051466441787797,17,40.081256900791224,-52.91874314780279,-54.59497289037168,1.6762297425688857,0.7130388474894651,0.00025497295211718285,0.028391895741432527,0.02218631971245777,0.18250532323102386,20.98949289057588,2.811088452949165,301.60507,-0.72899264,0.1567429,0.009191881,0.0014407621,2554.99,0.011824498,2.0707033251418214,0.242962676104983,0.12839668335933008,0.13373680248513492,0.21718249733191036,0.1330386622865528,249.314453125,5.806459188461304,0.0019333227721451442,0.07827083333333335,0.01446855812867058,0.6900392,0.33317112726702663,3.8140153884887695,5.43887,17750.76837015065,0.9815686643123627,0.1723815600652813,1.2189093,51,0.15351937700106724
SMA09834_20230601_000000.wav,2023/Ustou_Col_dEscots/SM9834_572L_Rouge/Data/,1476.55,0.0009433558,6.5439617e-06,-0.0045029693998944334,3.2078772077742,41.73275947570801,-42.10415,0.2619314193725586,0.007848609,0.9927079765766558,0.024,45,3.442750573158264,0.024,0.03272727272727273,0.7337246531483458,5.9433478e-05,9.215835e-09,3.0360431824019387,12.556358284400751,12,41.14717904850736,-51.85282081363659,-53.66116446523681,1.808343651600218,0.6814860695581034,0.00021927729904547277,0.03591821093406067,0.028063839411232916,0.180938281847148,23.604231668618752,2.9156309781688936,300.9353,-0.7962426,0.11343533,0.011874054,0.0013469371,2574.3005,0.015084038,2.062222225285303,0.2690074545089461,0.1345373943026024,0.13263025994816283,0.22038420490928495,0.13285002001067236,248.9609375,5.758905410766602,0.0020448405816435433,0.07775000000000001,0.015218055509209825,0.68077254,0.333077777759172,3.5867292881011963,5.2397275,14404.563549308861,0.9770520161837339,0.12862784131573227,1.2162364,37,0.13715648345784417
SMA09834_20230601_010000.wav,2023/Ustou_Col_dEscots/SM9834_572L_Rouge/Data/,1189.65,0.0016741027,5.8910146e-06,-0.00653717544230824,3.1648139841342795,42.412614822387695,-41.773018,0.22191905975341797,0.008153597,0.9946301019075775,0.008,15,3.3814015984535217,0.008,0.03428571428571429,0.23345784418356455,5.5177567e-05,8.410335e-09,3.0334970744486807,12.616935142386588,5,40.68261188472968,-52.317387793143396,-54.110718691852064,1.7933308987086676,0.6767549414879681,9.969295582268334e-05,0.008748351340983618,0.006623327407790924,0.1806369415986816,10.819322652210742,2.039436597940754,298.46167,-0.8168558,0.10080283,0.010729272,0.001081541,2566.02175,0.013540203,2.0619570229766087,0.26893528748800344,0.1344224612100813,0.1303564281902729,0.22465314834578443,0.1308364461045891,245.1875,5.596655011177063,0.001916647211846318,0.07232916666666667,0.014175276544981314,0.6766069,0.33306221788128215,3.5571768283843994,5.210001,13492.410897476699,0.9766455739736557,0.11571499637971888,1.2089694,19,0.0408551227321238
SMA09834_20230601_020000.wav,2023/Ustou_Col_dEscots/SM9834_572L_Rouge/Data/,1171.3333333333333,0.0016518781,2.0824998e-06,-0.08376549449691918,3.033259768866987,39.84313488006592,-44.874477,0.12562274932861328,0.0057052705,0.9955795542501764,0.0037333333333333333,7,3.2956716418266296,0.0037333333333333333,0.032,0.11672892209178228,4.040057e-05,2.4016824e-09,2.5234560982965175,9.996882230527714,4,36.14993876183836,-56.850061453147674,-58.56089440124002,1.7108329480923459,0.755889662594774,8.157174901168851e-05,0.006167719652063863,0.004396527903586467,0.17876938859957026,13.185503531992838,2.122196973242699,297.12836,-0.60044676,0.24965103,0.0035729425,0.00089198875,2568.3475,0.0047493423,2.072273980192194,0.23583860591775743,0.12911091043428288,0.1284149165269096,0.21878335112059766,0.12849665655016007,240.802734375,5.487123727798462,0.0017102871531483458,0.06714583333333334,0.012676281783902829,0.667857,0.3331919289679111,3.8826372623443604,5.707513,24979.92546117691,0.9841997604817152,0.2684258415851019,1.2007192,10,0.019489561099252935
SMA09834_20230601_030000.wav,2023/Ustou_Col_dEscots/SM9834_572L_Rouge/Data/,1896.6666666666667,0.0016282173,3.5829476e-06,-0.04275489642580063,3.110551367662911,40.96829891204834,-42.998466,0.18340587615966797,0.00708071,0.9954053044999753,0.008,15,4.260103404521942,0.008,0.032,0.2501334044823906,5.799424e-05,3.5950516e-09,2.5614181116150068,9.901363453389797,4,38.517782299668376,-54.48221694024228,-56.18654929282313,1.704332352580849,0.7858894754072114,0.00010953464572871496,0.02293452247126282,0.019992325841273195,0.18061315173752668,33.79759099037724,3.551097230976126,299.4886,-0.52929,0.3077964,0.0058317054,0.0017949778,2535.5815,0.008273663,2.0744213114718377,0.22790119864280084,0.12922584352680405,0.13070780606799817,0.22038420490928495,0.13053732824172892,244.626953125,5.639355778694153,0.001723836045891142,0.06595000000000001,0.012839215997063533,0.6753948,0.3332309963006992,4.044313430786133,5.895736,32806.74646312919,0.9863089257851243,0.38271107703562696,1.2100544,26,0.06065735058697972
SMA09834_20230601_040000.wav,2023/Ustou_Col_dEscots/SM9834_572L_Rouge/Data/,1371.0833333333333,0.0021983406,3.8695616e-06,-0.03919499154759929,3.2064696808018556,42.41692066192627,-42.1211,0.2191934585571289,0.007833308,0.9952787614715068,0.0112,21,4.308399856090546,0.0112,0.032,0.35018676627534684,5.8577614e-05,4.087673e-09,2.8098242265810014,11.807744876192322,12,38.854304891528585,-54.14569428218534,-55.913828913101014,1.7681346309156751,0.7678072959322294,0.0006324720577968179,0.07997219253870824,0.06470734095127273,0.1850047835421239,41.13105478273319,4.069574010148303,308.47217,-0.57438153,0.2703401,0.0064415666,0.0017414138,2512.888,0.009060955,2.0741510313192872,0.22950974330173324,0.13153271488383547,0.14167794252172586,0.23372465314834578,0.14040925993863393,263.126953125,6.342126131057739,0.002720200773745998,0.08888672969187676,0.020073495061398827,0.69613105,0.33318308064675267,3.852289915084839,5.781729,30592.88640982127,0.9839506205171347,0.359372357584176,1.2436695,70,0.32642409284951973
SMA09834_20230601_050000.wav,2023/Ustou_Col_dEscots/SM9834_572L_Rouge/Data/,2756.8333333333335,0.0013191893,3.5331732e-06,-0.07395776096535608,7.63552374656605,40.24153709411621,-43.38788,0.7878332138061523,0.0067702727,0.9613987004729876,0.037866666666666667,71,7.309379577636719,0.03786666666666667,0.03442424242424242,1.1005869797225185,6.543406e-05,2.5499285e-09,2.6561099738398384,11.502051672711383,23,38.437888601513464,-54.56211105933349,-56.54717740758362,1.985066348250129,0.8466718131853463,0.002334928194232422,0.14368268457971256,0.12691041415501014,0.18430646875679557,22.068015247266203,2.868425673376288,322.95526,-0.33937097,0.4932383,0.005025844,0.0024789388,2487.58475,0.008921374,2.0751217804630917,0.22562302566649048,0.13172974304244317,0.15835826726635155,0.23585912486659552,0.15501913520544292,290.505859375,7.666172385215759,0.004564934631803629,0.10498608630952383,0.033466687383208765,0.73092836,0.3332612847540683,4.219779014587402,6.276592,47063.48842890464,0.9896287145093083,0.6551516384627266,1.305913,91,0.3926052227854856
SMA09834_20230601_060000.wav,2023/Ustou_Col_dEscots/SM9834_572L_Rouge/Data/,7083.683333333333,0.0019030995,6.714688e-05,-0.027851824450989583,8.56115273211572,51.519012451171875,-34.912483,2.626060962677002,0.017962879,0.932986880092162,0.25653333333333334,481,6.695579290390015,0.25653333333333334,0.09994805194805195,2.5680362860192103,0.0003097208,3.544251e-08,0.8233042355573899,3.2290484477635126,25,51.27764464078897,-41.72235523599894,-53.158865289206034,11.436510053207094,0.9131612232497128,0.05347211461978851,0.20485152114817073,0.10705503909563241,0.22308777751537812,8.978501472079781,2.363456372002537,388.88342,0.85399604,12.698254,0.009468865,0.12023804,2463.455,0.27350238,2.0512775110945807,0.2988179650127908,0.12720630490107543,0.2659549378716268,0.31536819637139807,0.248607590715048,465.890625,18.7360680103302,0.0989090014674493,0.1845999013354636,0.47195524184129733,0.8214487,0.3333230349101844,5.192453861236572,6.6943026,55751.93158959348,0.9954230608418584,0.7785950348110406,2.3572757,151,8.862330743062968
SMA09834_20230601_070000.wav,2023/Ustou_Col_dEscots/SM9834_572L_Rouge/Data/,4932.566666666667,0.001896721,1.3113004e-05,-0.013660791850273924,6.316920238891413,45.25050640106201,-39.918488,1.9062762260437012,0.010094287,0.9615218901112017,0.2384,447,5.505145192146301,0.2384,0.0741139896373057,3.2183831376734258,0.00014115912,5.599487e-09,0.8550415418631164,3.885069187488761,23,44.16242256792622,-48.83757771421533,-55.25330644255034,6.4157287283350115,0.9288200525189373,0.059372910696277925,0.2757387140641906,0.16287874452403928,0.21230818187995348,9.768376365686974,2.49337622893961,373.9428,0.5186852,3.1552854,0.006136033,0.019360935,2490.598,0.04966303,2.0501526403967487,0.29162343704600635,0.1312535916591413,0.23547677809117243,0.2886872998932764,0.22244363660618996,416.859375,16.31863236427307,0.07271690735058697,0.1755227408233133,0.3293226316404165,0.8126377,0.3333241660426817,5.250628471374512,6.792194,61507.17651857186,0.9958333349786699,0.961972503281317,2.0262532,129,12.041422091782284
SMA09834_20230601_080000.wav,2023/Ustou_Col_dEscots/SM9834_572L_Rouge/Data/,2984.3,0.002028041,8.444391e-06,0.010790867956513765,3.759260431202259,44.009575843811035,-40.139538,0.5082449913024902,0.00984064,0.9877994990453923,0.0608,114,4.121551215648651,0.0608,0.0492972972972973,1.233991462113127,0.00010102446,6.2113745e-09,3.1988140553719666,14.749497990752742,23,42.24572129906246,-50.75427864792475,-54.327622998174036,3.573344350249286,0.8359435354245244,0.028721748570583183,0.14714961512072144,0.08794325838470685,0.20048356001956802,6.604143477868018,1.9761390435406212,362.97925,-0.27410033,0.5697351,0.010622155,0.0060518146,2549.313,0.023906555,2.0627388274933267,0.2685398176313871,0.1393071176422297,0.21782212418051536,0.27801494130202775,0.20807243029615796,389.927734375,13.926290273666382,0.05479797558697972,0.15830634247887632,0.31175832346169247,0.7981074,0.3332389853603672,4.084954261779785,6.2087383,46920.7691097192,0.9877968868240714,0.7943660823111101,1.7885846,266,9.76833477854856
SMA09834_20230601_090000.wav,2023/Ustou_Col_dEscots/SM9834_572L_Rouge/Data/,5510.266666666666,0.0014369171,6.545523e-05,-0.19601927735039978,46.966169697551564,51.314921379089355,-40.666473,8.231373310089111,0.009261398,0.7806619117320154,0.27626666666666666,518,13.379756212234497,0.27626666666666666,0.18215384615384617,1.5174759871931696,0.00028591751,4.497942e-08,0.6165835026644149,2.3758089218258576,22,51.1214333600434,-41.878566244805256,-55.67054532245238,13.79197907764712,0.8921208657431567,0.1470247974979455,0.33043703006271297,0.2360071870445224,0.19907110747217527,7.533997501377007,2.0398069404515318,407.04535,0.90438163,19.916481,0.00584957,0.11650285,2338.76175,0.35065803,1.884640625977764,0.47127146992718333,0.12798620802889749,0.2665826536057326,0.3260405549626467,0.24925585312166487,467.10546875,28.400514125823975,0.11508637940234792,0.2240483296378841,0.4083783118659904,0.8183803,0.3333223736699438,5.1613383293151855,6.5628858,45809.63122899085,0.995104321744293,0.6005196804486005,3.8525348,56,13.987772645410887
SMA09834_20230601_100000.wav,2023/Ustou_Col_dEscots/SM9834_572L_Rouge/Data/,3728.6,0.001130075,9.7201855e-06,-0.022225168374208893,4.981691668712858,43.43344211578369,-41.174706,1.3127355575561523,0.0087350365,0.9705484574179144,0.15573333333333333,292,5.155951380729675,0.15573333333333333,0.0735748031496063,2.117796157950907,0.00011255685,6.255674e-09,1.969131397698708,7.629181149807064,22,42.86299387833345,-50.13700602934136,-54.63609442525633,4.499088395914974,0.8754566641153553,0.060730907686003976,0.21388283380991446,0.1387932393040383,0.19629726274309478,15.849445597964701,2.7731654800049315,358.19226,-0.07154385,0.86646587,0.010146273,0.008791399,2482.587,0.029111158,2.0555897335631457,0.28315700419903944,0.1423528445940399,0.2306134700411648,0.27748132337246534,0.21960462246531484,411.5390625,17.823137044906616,0.08992608557897544,0.18971090952676406,0.395799790609984,0.7809305,0.33329937288363,4.595850944519043,6.457625,50604.21592920951,0.9925190093927085,1.0099941626694464,2.162334,152,17.117983758004268
SMA09834_20230601_110000.wav,2023/Ustou_Col_dEscots/SM9834_572L_Rouge/Data/,2333.366666666667,0.0013893368,3.7345213e-05,-0.07020740492905961,6.654859844214499,48.96181583404541,-37.009956,1.6100234985351562,0.014109192,0.9500682275184638,0.20426666666666668,383,5.660993456840515,0.20426666666666668,0.09427692307692309,2.167822838847385,0.00013691609,5.4055853e-08,5.2399634046422365,33.929334442903986,19,48.71412494347503,-44.28587466397974,-50.18958318573834,5.9037085217586025,0.5921856068322643,0.06794970912339504,0.48955790206027927,0.18833700926862518,0.19969372095703142,7.0301567284207875,2.0376820281242773,356.1275,-0.7878159,0.11868338,0.063081965,0.007486781,2583.325,0.087432384,1.811960573962779,0.5126978062237917,0.1896970692061407,0.21682992834273515,0.2630736392742796,0.2135420140741729,400.177734375,17.20679521560669,0.08104947638740662,0.17693482063876564,0.40440271706486913,0.78240055,0.33189979459469515,2.7244985103607178,4.667443,15360.936955354766,0.9479017555713654,0.30306291852506445,2.0427938,202,16.706097418623266
SMA09834_20230601_120000.wav,2023/Ustou_Col_dEscots/SM9834_572L_Rouge/Data/,2727.9333333333334,0.0014253468,1.9326286e-05,-0.033785753362895965,22.833746683517564,46.316184997558594,-40.670082,3.2047553062438965,0.009257554,0.8893059349957315,0.1824,342,8.538821935653687,0.1824,0.08970491803278688,2.034418356456777,0.0001392823,1.8400694e-08,2.2964954015352497,9.189629999001754,24,45.86764718232373,-47.132352888938975,-54.09612301145968,6.963770122520707,0.8083663084505073,0.17224990792213957,0.6019148518941246,0.30023983541109434,0.20700577689306265,11.027409509298916,2.5915295098454894,363.38904,0.1502561,1.3536503,0.01571508,0.021272723,2672.1965,0.06458017,1.6269109152643162,0.6052843294945696,0.15394466792545766,0.20654229874980942,0.2486659551760939,0.20002751467449303,374.8515625,23.570969104766846,0.06630723886072572,0.18661386625230278,0.2923039784103043,0.78665674,0.3332481190542846,4.135864734649658,6.0367866,34704.53309262519,0.9879563599824905,1.004911790843394,2.469366,154,14.85709044823906
SMA09834_20230601_130000.wav,2023/Ustou_Col_dEscots/SM9834_572L_Rouge/Data/,2722.4666666666667,0.001955088,1.0079182e-05,-0.030719331904148113,5.919570871301369,44.451231956481934,-40.218884,1.0840973854064941,0.009751152,0.9726202198800001,0.1072,201,5.487186908721924,0.1072,0.07567058823529411,1.4174226254002134,0.000111576315,7.2194997e-09,1.448080468839424,6.158052594807445,18,43.03047297770989,-49.96952732024603,-54.14007393509594,4.170546614849911,0.8745354486006003,0.04452625282119682,0.29877459524485306,0.1807865585031323,0.2139089452780436,12.74898850772591,2.824683500774813,358.5871,-0.12643966,0.77550566,0.012110734,0.009391943,2730.7975,0.030333098,1.9352699193428178,0.4133760958447992,0.13952056481405467,0.22860763835950607,0.22411953041622198,0.21748161519477055,407.560546875,15.820261240005493,0.07361634538420492,0.21687222173632623,0.3492006056460224,0.79909104,0.33330149915370083,4.62817907333374,6.45206,44949.42064551569,0.992880086414516,0.6974665407588246,1.9644414,151,13.01319036819637
SMA09834_20230601_140000.wav,2023/Ustou_Col_dEscots/SM9834_572L_Rouge/Data/,1802.85,0.0017229869,7.5810103e-06,0.022067478633274674,5.400161177988342,43.252997398376465,-41.08203,0.5417270660400391,0.008828739,0.9852581354046601,0.047466666666666664,89,5.084616541862488,0.047466666666666664,0.05373584905660378,0.8838046958377801,7.927326e-05,8.501755e-09,2.4264294532787423,8.733182925979566,16,41.79120745624404,-51.20879215009531,-53.98021785211461,2.7714257020193003,0.7655153404717311,0.14619215928843898,0.817941429394881,0.44804581025412793,0.19478052755070208,8.628646747677308,2.1852900424991013,329.16208,-0.53288954,0.3047255,0.011791619,0.0035932069,2527.9435,0.01900402,1.5434658174477711,0.6414065697243686,0.13932353665544703,0.16126219698124714,0.23372465314834578,0.15854288954108858,297.109375,15.933418273925781,0.03161269343649947,0.16341447461489758,0.1593170736285371,0.7256538,0.33323372635641135,4.057833194732666,5.7683716,26891.78882313728,0.9857775093987584,0.4240277830156686,1.5846847,251,10.903836212646745
SMA09834_20230601_150000.wav,2023/Ustou_Col_dEscots/SM9834_572L_Rouge/Data/,1575.7,0.0017909083,1.4262449e-05,-0.03158304372328983,14.34782896149322,45.443477630615234,-40.31893,1.5928640365600586,0.0096394755,0.9456647832138181,0.112,210,6.89088761806488,0.112,0.07905882352941176,1.4174226254002134,9.6222364e-05,1.865018e-08,3.144049429447622,14.495788430649572,19,44.55013059400958,-48.44986950312644,-52.96957812291505,4.519708619788609,0.7041936651004903,0.35869849709452906,0.6267858176990033,0.47799106545501824,0.20711675067873758,22.60347556154732,3.7369651233202332,333.0255,-0.40333688,0.42517453,0.019556941,0.008315113,2617.06775,0.038039673,1.4395232455765423,0.6782959089950644,0.15142434939660127,0.15637030225644155,0.21504802561366063,0.1557726620864461,291.91796875,21.18964195251465,0.028607965915154746,0.14992235200813747,0.1527997051021089,0.7168944,0.333013761555776,3.4749581813812256,5.381252,19089.252290122575,0.9768553674221039,0.6475309329565337,1.6928248,167,7.071896678228389
SMA09834_20230601_160000.wav,2023/Ustou_Col_dEscots/SM9834_572L_Rouge/Data/,1941.2166666666667,0.0015380434,5.092951e-06,0.02045170151148602,3.3303400765774533,41.74713134765625,-42.229404,0.34029483795166016,0.007736239,0.9934214894426752,0.022933333333333333,43,3.76129686832428,0.022933333333333337,0.03931428571428572,0.5836446104589114,6.650822e-05,5.477092e-09,2.4905030585333874,9.1422755207775,20,40.049241949759924,-52.95075807869094,-55.15603516974949,2.205277091058548,0.7723254712622297,0.06484832706460852,0.42413413583480775,0.23105228672010836,0.2098378226043055,23.366110232417974,3.73478353648,340.53015,-0.58665735,0.26051164,0.008275647,0.0021559023,2616.6445,0.012700652,2.0484989926675787,0.29442375816370314,0.13633527624989739,0.16532865147126088,0.2193169690501601,0.16173104822572038,303.083984375,12.436628341674805,0.017277964914621132,0.13398421790166523,0.11020870178190069,0.75566304,0.3332333057769574,4.055726051330566,5.8109255,29046.807234679232,0.9859185079112649,0.40267618698908014,1.540077,330,4.765354022145144
SMA09834_20230601_170000.wav,2023/Ustou_Col_dEscots/SM9834_572L_Rouge/Data/,1613.9166666666667,0.0012994919,8.237648e-06,0.003689836795935217,4.399904831323297,42.98848628997803,-41.654503,0.7924814224243164,0.008265613,0.9841031139123142,0.1008,189,4.447548091411591,0.1008,0.0756,1.3340448239060831,7.009148e-05,1.11266685e-08,3.448458081492624,16.832917293848393,9,42.14460414826367,-50.85539564786722,-54.08435305429447,3.2289574064272486,0.6810454882249597,0.024944101819685316,0.3800047012742144,0.2649505816455783,0.1908063738628749,9.511381712496966,2.20919561945999,319.13544,-0.7923928,0.11582685,0.014643435,0.001696103,2604.16675,0.019050777,1.9653858041802792,0.4047267358488792,0.15162137755520894,0.1477788153681964,0.21718249733191036,0.14827595550960512,277.869140625,9.53948974609375,0.011703116662219851,0.12206193860757117,0.07244055117124934,0.7235214,0.33290184882935137,3.324833393096924,5.2348294,17371.345528236696,0.9729384910315275,0.16891576942921976,1.3600557,268,4.4930212780149414
SMA09834_20230601_180000.wav,2023/Ustou_Col_dEscots/SM9834_572L_Rouge/Data/,1744.6833333333334,0.0015199889,1.3648771e-05,-0.5180601382509193,45.87026644902864,45.050692558288574,-40.609364,1.5946617126464844,0.00932249,0.9151353285230869,0.05173333333333333,97,9.681662321090698,0.05173333333333333,0.08868571428571428,0.5836446104589114,8.8029985e-05,1.9215886e-08,3.6947267408280995,20.996245406640398,5,44.40073028420321,-48.599269613092716,-53.068358838338526,4.46908922524581,0.671736564172525,0.005096928168562442,0.29252418485075105,0.2351407277895453,0.1828595242482849,7.813403485498121,1.8551760198880265,305.05872,-0.76743245,0.131585,0.025013411,0.00329139,2574.09025,0.03441028,1.23840605528928,0.7240753981075798,0.1467203021098432,0.14740957081872239,0.2225186766275347,0.1473671374733191,276.166015625,8.984535932540894,0.010706751934364996,0.14135349849802975,0.06637939844167112,0.6953009,0.33263999161620933,3.0876877307891846,5.1738324,15369.87257960599,0.9673638977110386,0.14355190063503584,1.2873831,137,1.6741220317502667
SMA09834_20230601_190000.wav,2023/Ustou_Col_dEscots/SM9834_572L_Rouge/Data/,1238.5666666666666,0.0019677235,1.170727e-05,0.05993691543837994,3.8537847623970087,44.9460506439209,-39.79612,0.5249724388122559,0.010237507,0.987070358115357,0.06453333333333333,121,4.148863255977631,0.06453333333333333,0.04502325581395349,1.4340981856990394,7.4554024e-05,1.7285144e-08,4.200999294227011,23.49094668064521,17,43.68031648871434,-49.31968448736643,-52.60925900712873,3.289574519762297,0.6234123820943239,0.028632079840328672,0.2663065478104031,0.18622776328274215,0.19630171506983518,15.397284393871978,2.8573996616541586,324.61633,-0.8553699,0.077952206,0.021233588,0.001655205,2561.302,0.02608829,1.9189180861842696,0.44460138848941194,0.15125194975781955,0.16095369911571886,0.22198505869797225,0.15977166989060831,299.412109375,10.619806051254272,0.019776172291889008,0.14775007268255128,0.12164668354578216,0.7266474,0.33250826170357567,3.000714063644409,4.869057,12887.872504616418,0.9608731418848038,0.12208328883623791,1.4249345,320,5.856769443703309
SMA09834_20230601_200000.wav,2023/Ustou_Col_dEscots/SM9834_572L_Rouge/Data/,3283.75,0.0012055242,2.1625361e-05,-0.023896361174281264,22.662028763464825,46.652703285217285,-44.028057,6.691564559936523,0.006289226,0.8263138910398706,0.2016,378,12.865122556686401,0.2016,0.17788235294117646,1.1339381003201707,0.00011265449,2.927396e-08,2.793125660756996,11.228108865284206,16,46.32157090792604,-46.67842882313094,-57.88991772568111,11.211488902550165,0.7043275822579621,0.2785057129921238,0.4942162238404628,0.39774134014672835,0.2601204774269369,31.061161087723534,4.844203698126953,328.839,0.7902688,8.536015,0.0042735524,0.036479104,2635.97725,0.046441615,1.6588521864199977,0.5989941160522065,0.1357934488137263,0.1893807649794176,0.240128068303095,0.1826922275213447,342.365234375,23.150622844696045,0.0613045707710779,0.15121472993735513,0.26861334381673785,0.7363561,0.3331253838259727,3.6898014545440674,5.383579,15912.188595245801,0.9797205626964569,0.3136810727339417,2.131188,254,13.58849719850587
SMA09834_20230601_210000.wav,2023/Ustou_Col_dEscots/SM9834_572L_Rouge/Data/,3004.7666666666664,0.0009987745,7.076524e-06,-0.04008804108261143,10.193397608707379,42.09152698516846,-43.529907,2.5109729766845703,0.006660467,0.9376782730580877,0.17866666666666667,335,7.369350790977478,0.17866666666666667,0.10828282828282827,1.650880469583778,9.3060575e-05,5.1139404e-09,1.1595873248264255,4.191183793475925,22,41.48336700407877,-51.51663303393243,-56.64821749279061,5.131584458858178,0.8769100321702465,0.09850417274033096,0.2689427147495067,0.1386309295292396,0.19816698569867874,9.249562068536719,2.310511295777425,355.5351,0.21514523,1.5482422,0.005525081,0.008554163,2733.1225,0.02538073,1.994644496606759,0.36285265161269126,0.13614645759789834,0.19618082024698888,0.21504802561366063,0.18864227588046958,353.515625,17.709766626358032,0.06673559231590181,0.17772079873991753,0.2838639861685798,0.76819795,0.33331256825476885,4.841812610626221,6.4673114,44462.26351490153,0.9937444399110973,0.7295419671590764,2.0714555,125,20.33271911686233
SMA09834_20230601_220000.wav,2023/Ustou_Col_dEscots/SM9834_572L_Rouge/Data/,1448.8,0.0014336496,3.8225685e-06,-0.006587927866608839,3.273072641392433,40.712833404541016,-43.362022,0.24267292022705078,0.00679046,0.993182386390384,0.017066666666666667,32,3.622906506061554,0.017066666666666667,0.034133333333333335,0.5002668089647812,5.106292e-05,4.796899e-09,2.9003445323406343,11.956325111820814,14,38.7875519106007,-54.212448140479985,-56.12751930176847,1.9150711612884876,0.7186135313528991,0.027106617904900654,0.30841937324406987,0.18817602734087724,0.1863949184121555,7.75069714061745,1.9089223467082683,312.2359,-0.725014,0.15941088,0.006700621,0.0010681519,2576.63525,0.00894642,2.0687845223545787,0.24812772274854886,0.14147442738691404,0.14046777328861107,0.23532550693703308,0.14058226887673425,263.451171875,10.169192552566528,0.014301377401280685,0.13930653026319872,0.0868113487720235,0.6910552,0.3331266802852042,3.6929285526275635,5.4729924,21004.162225202737,0.980304354801774,0.222433156180441,1.3402691,122,6.1749599786552825
SMA09834_20230601_230000.wav,2023/Ustou_Col_dEscots/SM9834_572L_Rouge/Data/,1292.8,0.0014823435,4.999969e-06,-0.036586787918435365,3.406593755361064,41.592302322387695,-42.58996,0.36533164978027344,0.00742168,0.9926495769690176,0.03253333333333333,61,3.718324899673462,0.03253333333333333,0.036830188679245285,0.8838046958377801,5.349609e-05,6.8542696e-09,2.626346393660126,9.571017333545642,3,39.967619877896624,-53.032380166281364,-55.0015153386639,1.9691351723825363,0.7049693450742485,8.99293745667551e-05,0.007571332093417649,0.005262284180713062,0.18376645847269812,28.157267198694353,3.3082420666453793,296.92944,-0.7651086,0.13307476,0.009047622,0.0012040101,2586.99775,0.011475681,2.059950286093448,0.2734681902520233,0.14136770380100155,0.127471556258576,0.22625400213447172,0.12919390341515474,242.109375,5.515665411949158,0.002261622865528282,0.06777419490231991,0.016358595001334755,0.66347057,0.33317524563365924,3.826874256134033,5.3885098,15307.37636009026,0.9815253727138042,0.13947824513330725,1.2047063,34,0.1287144810565635
SMA09834_20230602_000000.wav,2023/Ustou_Col_dEscots/SM9834_572L_Rouge/Data/,1287.6666666666667,0.0016340248,3.242891e-06,-0.02463831459666811,3.1609851377788165,40.73862552642822,-43.58448,0.22603511810302734,0.006618751,0.9947244397353008,0.005866666666666667,11,3.5328420996665955,0.005866666666666667,0.032,0.18343116328708645,4.7802056e-05,3.9877315e-09,2.2259820338966105,7.370503953881033,5,38.067291748799626,-54.932708233367975,-56.87614340744956,1.9434351740815856,0.748578947635164,6.790273525336676e-05,0.0040206690795577815,0.002568473057874443,0.17824951241991926,17.405056868820623,2.4228310786611167,296.9749,-0.6731211,0.1953707,0.0056948587,0.0011126086,2598.50125,0.0074201417,2.06962116780152,0.2451483125588368,0.1416221985058698,0.12758590295776795,0.22198505869797225,0.12932835012006405,242.361328125,5.554962158203125,0.0025232207177161158,0.0710116902722881,0.017564308178723974,0.6675316,0.3332416626023284,4.0993475914001465,5.6627874,20816.101499908375,0.9859107192605734,0.20351315687123436,1.20292,46,0.1983349453041622
SMA09834_20230602_010000.wav,2023/Ustou_Col_dEscots/SM9834_572L_Rouge/Data/,1444.3,0.0011078638,4.056046e-06,-0.026605660220192087,3.2238725864533073,40.249738693237305,-43.67752,0.25905609130859375,0.00654823,0.9931767552256172,0.0176,33,3.5859817266464233,0.0176,0.033,0.5336179295624333,4.9013765e-05,5.4820943e-09,2.73021986169503,10.681765627504632,4,39.06040999521646,-53.93959002042166,-55.93321423450719,1.9936242140855285,0.7058283410877578,9.055424376713805e-05,0.005514575120366572,0.0033953312272774205,0.18124852407895742,25.529576125871927,3.085472775468289,296.65833,-0.77839303,0.12461078,0.007311244,0.00091105985,2578.4105,0.009329892,2.0595830180619625,0.2746404605322006,0.14425745012724733,0.12733934288763532,0.2390608324439701,0.12947321905016007,242.6328125,5.557761192321777,0.0026159785218783354,0.072985507867498,0.018346392401895357,0.6659888,0.33313734551969293,3.7194228172302246,5.393315,16341.341068396921,0.9804566409438848,0.14335963721172465,1.2035592,52,0.30391208644610457
SMA09834_20230602_020000.wav,2023/Ustou_Col_dEscots/SM9834_572L_Rouge/Data/,1212.2666666666667,0.0016139946,2.846501e-06,-0.06486489906963261,3.1587245097948555,40.3857421875,-44.066807,0.21520709991455078,0.0062612323,0.9948252312574759,0.010666666666666666,20,3.4321019053459167,0.010666666666666666,0.03368421052631579,0.31683564567769473,4.4492386e-05,3.5551087e-09,2.354812970249905,8.041038911058678,5,37.52362615909534,-55.47637374642824,-57.457003031013755,1.9806292845855182,0.7404076314906365,6.266945570021498e-05,0.003375804064765564,0.0022263571706663265,0.1788384729784488,7.214070856859954,1.6529522447117366,296.50543,-0.70128524,0.17558181,0.0050362214,0.0008842689,2573.4165,0.006583296,2.0684452381027105,0.2492228403404896,0.14176176011821692,0.12724048063729226,0.21398078975453574,0.1290667522678762,241.87109375,5.5244386196136475,0.002301227321237994,0.06786630036630037,0.016163073945541912,0.6643748,0.33322696436274174,4.024991989135742,5.611319,20559.187433815583,0.9849377274513245,0.19644624668092675,1.2011147,44,0.1704033818036286
SMA09834_20230602_030000.wav,2023/Ustou_Col_dEscots/SM9834_572L_Rouge/Data/,1307.1333333333332,0.0011835139,6.6763296e-06,0.018234739292009684,3.3774219982377693,42.093119621276855,-42.002365,0.37769508361816406,0.007941125,0.9915978778594161,0.034133333333333335,64,3.8330936431884766,0.034133333333333335,0.04179591836734694,0.8171024546424759,5.8980462e-05,9.638574e-09,2.976122991945368,12.357233673491828,4,41.27113396289852,-51.72886605695695,-54.109182594168004,2.3803165372110513,0.680166618660684,8.696124586493603e-05,0.005199875369325091,0.0030410303906619474,0.18372024715050606,32.15108533701338,3.479255599843429,296.53,-0.8237621,0.09663428,0.012284647,0.001187118,2582.503,0.01562419,1.9943061615026814,0.3753623502705171,0.14273048189803791,0.12623994701936272,0.24759871931696906,0.12831530983191033,240.462890625,5.523521304130554,0.0023324939967982925,0.0693704395599633,0.016521529214495463,0.66327,0.33306247477109235,3.5576508045196533,5.231485,13172.789816448414,0.9770459197461605,0.10750865726617939,1.2013459,41,0.2313733991462113
SMA09834_20230602_040000.wav,2023/Ustou_Col_dEscots/SM9834_572L_Rouge/Data/,1131.5,0.0017960619,4.8658903e-06,0.01376525775950959,3.4359974572861223,42.1010160446167,-42.434727,0.32584285736083984,0.0075555136,0.9917046801754434,0.028266666666666666,53,3.8801833987236023,0.028266666666666666,0.033920000000000006,0.833778014941302,5.281486e-05,6.7283024e-09,2.954548032092371,12.357134904032936,6,39.87802507607816,-53.12197464536123,-55.533519033074406,2.411544387713178,0.6932684098768801,8.602394206436159e-05,0.004994059076449897,0.003326595615235628,0.18259859182967453,13.164552474972645,2.284356076128068,296.289,-0.78512955,0.120366886,0.008819376,0.0010615608,2585.24825,0.011141859,2.0349005707601346,0.32237087839434225,0.1496018389294803,0.127457262921177,0.22572038420490928,0.1302215348185699,244.03515625,5.574760437011719,0.002706651881003202,0.07249249725109343,0.019226237152963163,0.66504586,0.3330812837036016,3.5936360359191895,5.313681,15488.85578649802,0.9779538121074438,0.13646856510276212,1.2037685,40,0.2283509538420491
SMA09834_20230602_050000.wav,2023/Ustou_Col_dEscots/SM9834_572L_Rouge/Data/,874.4499999999999,0.0020577835,2.3958469e-06,-0.025018925885269366,3.3341200194074845,41.235947608947754,-44.119537,0.2162008285522461,0.006223332,0.994018139821904,0.016,30,3.838118016719818,0.016,0.03310344827586207,0.48359124866595515,4.266508e-05,2.8358955e-09,3.025945493074403,16.354290225172104,6,36.773019661068865,-56.22697973328097,-58.76304937067067,2.5360696373897014,0.7417076674576919,8.493042096369141e-05,0.007824716554171718,0.006269417114425635,0.1815101822160956,15.061917206634735,2.366809087674195,296.70306,-0.6043748,0.24659148,0.0041260943,0.0010174597,2595.8595,0.005616995,2.0392482281860147,0.31450924339054576,0.14260733929890815,0.12754778739137063,0.23532550693703308,0.12944091015208112,242.572265625,5.566015839576721,0.0025002918223052295,0.07003430925738492,0.017271026595034704,0.6644513,0.332952524186112,3.3873000144958496,5.6158533,23714.707629622975,0.9780733548104763,0.25448487429744365,1.2034824,57,0.3706143276414088
SMA09834_20230602_060000.wav,2023/Ustou_Col_dEscots/SM9834_572L_Rouge/Data/,6709.416666666667,0.0018059575,0.0001666326,-0.06267270059020537,7.636204618988958,55.32238483428955,-31.465319,2.282982349395752,0.026713707,0.9297416841270881,0.2656,498,6.285889744758606,0.2656,0.10022641509433963,2.6514140875133405,0.00043032903,1.4002877e-07,2.2762722252287837,9.9090877676674,21,55.21436292314733,-37.785636869703126,-52.24214263804513,14.456505768342005,0.8327435880042041,0.12328562603225524,0.39475075520803415,0.20512779144338888,0.23827430023532647,18.558812716929893,3.51151896572255,413.63574,0.83684623,11.258371,0.027335625,0.3077546,2478.9635,0.6372671,2.0085455418104523,0.35940969094204167,0.14629340776619326,0.3126203022564415,0.37353255069370334,0.29184627634738525,546.919921875,20.48020839691162,0.12506044890608325,0.19368266133539536,0.5729744540009343,0.84819096,0.3332539067002169,4.171032428741455,6.1894484,40148.24908211687,0.9891283363103867,0.5124451544300236,2.7565145,27,1.4894402014407684
SMA09834_20230602_070000.wav,2023/Ustou_Col_dEscots/SM9834_572L_Rouge/Data/,3891.3333333333335,0.0018419033,1.0963848e-05,-0.016362703327901712,10.689948862652193,44.59106922149658,-41.047844,2.131082057952881,0.008863556,0.9424199668778297,0.21173333333333333,397,6.280469298362732,0.21173333333333336,0.08469333333333333,2.501334044823906,0.0001249497,5.696501e-09,0.8532777553726519,4.395088126619725,20,43.37831609332135,-49.62168389498167,-57.018259189824775,7.396575294843103,0.9148095814123157,0.04201240402806772,0.2513540527145077,0.14109588230743897,0.20345911948073814,7.459565286170244,2.0901512057154745,382.61023,0.48138398,2.856418,0.0054738293,0.015635544,2674.20875,0.039703194,1.9507989985064438,0.4038562237329195,0.1341269189721698,0.2567667041469736,0.2854855923159018,0.24145169090181434,452.48046875,17.07818627357483,0.09396052894877269,0.16861522291131958,0.4939187737753604,0.81684345,0.3333189214608865,5.024423122406006,6.7045,55702.32516803344,0.9952568509615958,0.7771048941513313,2.2598667,92,5.152435465581644
SMA09834_20230602_080000.wav,2023/Ustou_Col_dEscots/SM9834_572L_Rouge/Data/,3931.2833333333333,0.0021033387,1.7712406e-05,-0.07272639949366476,17.27946269118283,46.47167682647705,-40.26377,3.12229061126709,0.009700891,0.9163793097644461,0.256,480,7.2544872760772705,0.256,0.0903529411764706,2.8348452508004267,0.00016347587,7.750493e-09,0.5439477900012453,3.0995218624549823,24,45.46772394042548,-47.53227592143027,-55.75356973372081,8.22129381229054,0.9306585088382938,0.08913832073043382,0.3253461425785662,0.17132392987582634,0.19981199766798774,7.283669004911934,1.99451705887705,395.54053,0.6023473,4.0295143,0.006746142,0.027183676,2656.2755,0.07249993,1.87415440938866,0.472017762035904,0.13695919875215498,0.2482871817350206,0.25987193169690503,0.23439480222785483,439.255859375,23.394198417663574,0.10314876267342583,0.19753462429467586,0.4564113179057661,0.81884426,0.33332583523952053,5.3511247634887695,6.8037863,60371.946232441325,0.9960806518793106,0.8775760783024061,2.9549341,128,18.06015291488794
SMA09834_20230602_090000.wav,2023/Ustou_Col_dEscots/SM9834_572L_Rouge/Data/,3195.866666666667,0.0018231831,1.4385444e-05,-0.19886863664328308,59.3263480393906,45.50264835357666,-41.996998,3.6950674057006836,0.007946031,0.841199843465273,0.14133333333333334,265,10.213515758514404,0.14133333333333334,0.10341463414634147,1.3673959445037351,0.00014276378,7.976372e-09,1.2759760299707104,5.365631194223448,22,44.61943493304844,-48.38056530371854,-57.27206932644816,8.89150402272962,0.9041317518957468,0.0968003887568446,0.31666991183993853,0.16508617308303197,0.20095236142976047,5.8859746889460025,1.8358610533599469,389.23633,0.64139897,4.5772285,0.0050281137,0.023014827,2687.817,0.067803375,1.7829884500754694,0.5325609376767002,0.14577620884984815,0.22100239175179143,0.2513340448239061,0.21162224019477055,396.580078125,22.608191967010498,0.06631140775080042,0.172377088045851,0.34131458972904427,0.80478615,0.3333150559398443,4.905616760253906,6.6375256,54855.1492194558,0.9945362936705351,0.7635558521418002,2.456768,186,12.013803195037354
SMA09834_20230602_100000.wav,2023/Ustou_Col_dEscots/SM9834_572L_Rouge/Data/,2706.5833333333335,0.0017395609,1.45770055e-05,-0.18904076523132937,35.54629228204832,45.476484298706055,-40.98831,2.6358389854431152,0.008924514,0.8940154868862424,0.1376,258,8.508774638175964,0.1376,0.07306194690265487,1.8843383137673424,0.00013451453,1.0119567e-08,2.298128045771809,11.654738066919453,22,44.597303954082925,-48.402696074501144,-55.232913126461646,6.830217051960503,0.8625264733663532,0.11590162480001365,0.3705821033300577,0.22157380203684274,0.19691185294259983,5.950703828026621,1.8584488343996064,380.04767,0.2267787,1.5865816,0.010746088,0.017049545,2684.99675,0.052910134,1.8007118390021966,0.5150053920459466,0.15207290041868488,0.21250262044518983,0.23639274279615796,0.20499162053094988,384.154296875,22.283616065979004,0.0666209478388474,0.15513567615886217,0.3693718612353176,0.7945123,0.33325882036297116,4.202962398529053,6.37593,47369.571179853716,0.9904958140105009,1.034536939898121,2.3734822,193,11.809423359124867
SMA09834_20230602_110000.wav,2023/Ustou_Col_dEscots/SM9834_572L_Rouge/Data/,2121.5333333333333,0.001675724,1.460458e-05,-0.026081560646775564,7.758003239878278,45.42923927307129,-40.717506,2.222170829772949,0.009207143,0.942954611173109,0.23306666666666667,437,6.280198097229004,0.23306666666666667,0.12266666666666667,1.9010138740661686,0.00010488161,1.745679e-08,3.304485087089353,15.125798139079885,19,44.634581704167815,-48.36541820982735,-55.07609390096956,6.710675691142214,0.7238219303883621,0.08788436446257109,0.28978577368873526,0.18106204771184997,0.19351648821856193,6.700306867926441,1.9325100975368843,344.61658,-0.54976904,0.2905149,0.021738308,0.006315302,2616.2505,0.037058186,1.9505756860616097,0.41172913293811336,0.20251210902224778,0.18691992872389088,0.240128068303095,0.18903623599252933,354.25390625,16.143733263015747,0.05548480022678762,0.18064112461982668,0.26519172534036306,0.76738715,0.333082289279749,3.595634937286377,5.5043774,24075.61874875586,0.9781367965042591,0.448350703761865,1.7991859,194,15.31775280149413
SMA09834_20230602_120000.wav,2023/Ustou_Col_dEscots/SM9834_572L_Rouge/Data/,3465.4166666666665,0.0013021645,7.047701e-06,-0.06362180111968736,17.663555453187094,42.43736743927002,-43.216515,2.223072052001953,0.006905172,0.9358433991452949,0.168,315,7.079885005950928,0.168,0.08129032258064517,2.067769477054429,0.00010693234,2.3585187e-09,0.08266335748307505,2.761961340381276,15,41.48930087949938,-51.510698882515875,-57.447334427984806,5.936635545468931,0.9502636137958493,0.06751722152808204,0.4274353198204158,0.23536357176813094,0.18874622052487933,5.049678470466098,1.643775385754579,383.36804,0.3737189,2.193454,0.004520802,0.009916171,2616.42025,0.030028235,1.94139489236313,0.4234662403085826,0.13983252606518348,0.20534284951974385,0.25667022411953044,0.197159318303095,369.4765625,18.596360683441162,0.060803261739594446,0.1870795915135144,0.2993427364188468,0.7920062,0.33332884815869573,5.608060359954834,6.926449,66162.61806566642,0.9967976096086204,0.9305563955128947,2.22253,198,12.26372815501601
SMA09834_20230602_130000.wav,2023/Ustou_Col_dEscots/SM9834_572L_Rouge/Data/,3609.3333333333335,0.0015240882,2.4004825e-05,-0.0034014394714612793,18.064615151397287,47.224721908569336,-43.057922,6.657470703125,0.0070324084,0.8476553095195634,0.2304,432,12.303955554962158,0.2304,0.1455157894736842,1.5841782283884738,0.000119118784,3.267676e-08,3.751105042272053,18.751448231920325,19,46.801282230319515,-46.198717549237564,-58.42862286589127,12.229905316653706,0.6672006555203025,0.1575789945096655,0.3289064129563819,0.20468803974362137,0.2596352542400019,61.844499715955074,6.542217753210695,360.87146,0.84032583,11.525507,0.0036621357,0.04220797,2555.4065,0.054861765,1.811431764313929,0.517787201379668,0.14021016336918152,0.20801927694770544,0.2849519743863394,0.19956581009871932,373.986328125,19.43413257598877,0.06771945037353255,0.17839624194080891,0.34134717657167646,0.7713125,0.3328618351370096,3.280491590499878,5.147076,17536.689386875518,0.970207953825593,0.24224051984819134,2.1857786,268,11.104464047491994
SMA09834_20230602_140000.wav,2023/Ustou_Col_dEscots/SM9834_572L_Rouge/Data/,4964.15,0.0017075058,1.28577e-05,-0.007322741872678253,5.720069942754444,44.9998140335083,-39.398182,1.3204078674316406,0.010717439,0.9658200506161616,0.1792,336,5.174578428268433,0.1792,0.07518881118881118,2.3846051227321237,0.00014870972,2.9690888e-09,0.5672725746085471,5.235252636330738,18,44.08661015312235,-48.91338973386098,-54.043499278649534,5.130109544788553,0.963108883333692,0.036494106010861005,0.23379405655407615,0.1586934487285434,0.19547052115887553,7.997486565246152,2.069399958243356,335.336,0.45375735,2.6613765,0.007138689,0.018998738,2470.9175,0.03746769,2.0674648553246486,0.2536826768966128,0.1354076020031196,0.24785957272450068,0.30362860192102453,0.23380386205976522,438.1484375,12.687370777130127,0.06597060098719318,0.16651119680626994,0.3627893190236252,0.7598861,0.3333287173766924,5.593689441680908,7.0066566,72774.93640900242,0.9969468400813639,1.013614980409121,1.7350656,65,3.666121931696905
SMA09834_20230602_150000.wav,2023/Ustou_Col_dEscots/SM9834_572L_Rouge/Data/,5206.45,0.0016690266,0.0006041752,0.8079143275383804,67.45438096201511,60.85221290588379,-25.089453,3.397779941558838,0.05565798,0.8105064522811609,0.054933333333333334,103,13.440648317337036,0.05493333333333334,0.06218867924528302,0.8838046958377801,0.00085207896,4.6123333e-07,2.5328151255071685,10.36392135898638,14,60.83820184998813,-32.16179854090071,-37.05329769474221,4.891499153841501,0.84225407572345,0.0006352839691985412,0.1542642196189491,0.12257319703517189,0.18248135395616727,9.28584565845292,1.9952308757030885,306.45825,-0.33350405,0.49980795,0.8731204,0.43639255,2515.2035,1.5688372,2.0397435354863114,0.31462425204483857,0.15800016419013216,0.13958992415002286,0.21878335112059766,0.1418954692502668,265.912109375,10.539412498474121,0.007614477721451441,0.16621045060568088,0.03177217156633743,0.69902307,0.33326882277712383,4.2750349044799805,6.24907,45328.512595561064,0.9896973241120577,0.5879071755102991,1.2739065,75,1.5850120064034152
SMA09834_20230602_160000.wav,2023/Ustou_Col_dEscots/SM9834_572L_Rouge/Data/,4422.983333333334,0.001585094,0.003153806,-0.05826104484087868,4.844053834592325,68.01240921020508,-15.178267,0.5208191871643066,0.17421547,0.9841970088394378,0.030933333333333334,58,6.030104160308838,0.030933333333333334,0.05302857142857143,0.5836446104589114,0.002085182,1.8088625e-06,1.520044858672404,6.227255541706401,10,67.98628150064235,-25.013717934002603,-27.04389023125364,2.0301722972510383,0.8963939084681273,8.352446526282975e-05,0.009327214546485663,0.005605493589021848,0.1816054075248924,20.12914112570919,2.6781400124916326,299.04358,-0.1303622,0.7693444,4.0403795,3.1084433,2612.761,7.444741,2.0669079593158037,0.24599524919531762,0.14765618586322962,0.12862574325354476,0.23585912486659552,0.13102821504802561,245.546875,6.359192728996277,0.0037457477321237997,0.07221361836641708,0.020692645071409506,0.6727581,0.3333104289946884,4.792786121368408,6.5889645,53794.71941291011,0.9939606273546815,0.6800348628224276,1.2135831,12,1.3080934831910351
SMA09834_20230602_170000.wav,2023/Ustou_Col_dEscots/SM9834_572L_Rouge/Data/,4532.683333333333,0.0017749472,0.0011772724,-0.04969957455062335,3.146566199233905,63.740973472595215,-19.309765,0.3051159381866455,0.10827091,0.9930195255127451,0.010666666666666666,20,5.2816808223724365,0.010666666666666666,0.037647058823529415,0.2834845250800427,0.0013051289,5.997672e-07,1.1685135802490065,4.9733962639071025,14,63.71588167999337,-29.28411812537048,-31.100358426214015,1.8162403008435355,0.912248339338933,0.00010055215097326542,0.013542738389550002,0.010399568202988041,0.1838735604413151,48.42331621503985,4.471964370037814,298.6628,-0.0584309,0.8895896,1.4402535,1.2812345,2601.84075,2.808931,2.070272118738111,0.23815644760070143,0.14140054182743617,0.12974538801646593,0.24813233724653147,0.13121373065635006,245.89453125,6.487643122673035,0.0027525096718249735,0.07080818660506161,0.015283229194474106,0.67304367,0.3333179887861964,4.993069171905518,6.6883802,57111.994344880084,0.9949759249575436,0.7136078032594348,1.2140867,11,0.24929962646744933
SMA09834_20230602_180000.wav,2023/Ustou_Col_dEscots/SM9834_572L_Rouge/Data/,5168.616666666667,0.0011361087,0.0005757687,-0.04168734759913283,3.130322562629867,60.63281059265137,-22.298748,0.28037261962890625,0.07674722,0.9926753917468251,0.0144,27,4.866154491901398,0.0144,0.032,0.45024012806830305,0.00095380546,2.142822e-07,0.3824604761867682,2.6161040467452508,14,60.600467232940815,-32.39953262861998,-34.16418986984938,1.7646572412294006,0.9418600828542902,0.0001642888094119943,0.03260078034924274,0.025342768369527757,0.1839208102306854,40.56950144595046,3.997621948938246,301.37592,0.11408732,1.2575588,0.59605193,0.74957037,2585.033,1.3871558,2.076457065392829,0.22019402769644306,0.13863393810032018,0.13316506898917518,0.24653148345784417,0.13385784918623267,250.849609375,5.774621963500977,0.002238693970117396,0.08076608027389279,0.01603272657501335,0.6856887,0.33332793198921234,5.515125274658203,6.873879,64276.95123460869,0.9965037808287889,0.796238921553096,1.2175262,47,0.13444670490928495
SMA09834_20230602_190000.wav,2023/Ustou_Col_dEscots/SM9834_572L_Rouge/Data/,5592.65,0.0013190915,0.00032907567,-0.03418800890442413,3.0971819011929846,58.21646213531494,-24.741726,0.263063907623291,0.05793137,0.9944500311780669,0.013333333333333334,25,3.885428309440613,0.013333333333333334,0.032,0.416889007470651,0.00073917955,9.648821e-08,-0.09191439998950753,2.534986497090496,15,58.173962193390814,-34.82603730315254,-36.628334546289636,1.8022972431370974,0.9570002888852461,0.00013757565109573378,0.19390490627861212,0.16757330871784493,0.1806412899498061,12.22396810818545,2.0945508206982817,302.65698,0.23335241,1.6087606,0.2929337,0.4712602,2571.842,0.8091216,2.0748979027902834,0.2258913991178458,0.13649946638207044,0.13363674912334197,0.21824973319103522,0.13401939367662752,251.15234375,5.816112160682678,0.0019374916622198507,0.07414705882352943,0.014305623915509878,0.6804182,0.3333297246138803,5.716772556304932,6.9685874,68596.09136549948,0.9970213966444135,0.8313159324301994,1.2177032,35,0.15852204509071505
SMA09834_20230602_200000.wav,2023/Ustou_Col_dEscots/SM9834_572L_Rouge/Data/,5582.833333333333,0.0022340901,0.00025048686,-0.024109258057874953,3.1129701612914045,57.09413528442383,-25.882273,0.32494544982910156,0.050802656,0.9942392104926384,0.0224,42,3.7782368063926697,0.0224,0.03278048780487805,0.6836979722518676,0.0006459297,7.1663536e-08,-0.030085574140480107,2.8599575549141747,17,56.9848002608761,-36.01519977523449,-37.83789448154721,1.822694706312717,0.957661619505364,0.00014366812579946764,0.028023925891058732,0.02249258372929408,0.1800711488247425,9.716944995203347,1.9324018803091525,303.4665,0.22552475,1.5823938,0.22514516,0.3562683,2558.365,0.61549723,2.0764473347507906,0.22032662413475634,0.13964370741318444,0.1360975853788687,0.21878335112059766,0.13653427661419423,255.865234375,5.8173298835754395,0.0021855406216648877,0.07888993055555556,0.016326008158702617,0.68674713,0.3333295444253963,5.692410469055176,6.972704,69047.4214960028,0.9970038905739784,0.8398286637537268,1.2192086,40,0.2032333911419424
SMA09834_20230602_210000.wav,2023/Ustou_Col_dEscots/SM9834_572L_Rouge/Data/,5580.016666666666,0.0015336721,0.00020706173,-0.02209724013737333,3.1843369889354776,56.2306547164917,-26.695236,0.34699106216430664,0.04626347,0.992792064419073,0.024,45,4.392218887805939,0.024,0.03272727272727273,0.7337246531483458,0.0005860473,6.108165e-08,0.05606291721427477,2.7947985605454457,17,56.16224044907319,-36.83775974183066,-38.656404284781054,1.8186445429503948,0.9558305775491779,0.00010492623537594614,0.014983530548326351,0.012355877452078001,0.18020526530462333,11.727724259214332,2.0667247888005855,303.29376,0.22878727,1.5933182,0.18802106,0.2995774,2559.1915,0.50871235,2.076772479713582,0.2190853860855082,0.14145800837369674,0.13554014522030797,0.2321237993596585,0.13627059431696903,255.37109375,5.819472670555115,0.0025044607123799363,0.08486418841575093,0.018411566087159638,0.68849075,0.3333293599219663,5.668636798858643,6.9612503,68613.88380755248,0.9969420486595482,0.8316518494453151,1.218718,41,0.14653648612593384
SMA09834_20230602_220000.wav,2023/Ustou_Col_dEscots/SM9834_572L_Rouge/Data/,5556.183333333333,0.0016203502,0.00016065863,-0.015220033018672105,3.258080157612816,55.150041580200195,-27.631699,0.373931884765625,0.041535087,0.9923373953177859,0.034133333333333335,64,4.133402705192566,0.034133333333333335,0.03471186440677966,0.9838580576307363,0.000516743,4.670452e-08,0.05752177613757828,2.6693805829034183,20,55.05822960345779,-37.94177012960028,-39.82395586129219,1.8821857316919122,0.9562957715105784,0.00010648840837690354,0.007615072937444234,0.005944016478327763,0.1801937591943944,17.727884385020086,2.4898011502576196,305.30865,0.23030399,1.5984284,0.14535716,0.23234302,2559.146,0.4006299,2.0765792767764024,0.21969272783262833,0.1477136524094902,0.13729465238603447,0.23959445037353255,0.13863852387940234,259.80859375,5.915260910987854,0.002648287419957311,0.07972032444332038,0.01886778188400961,0.697156,0.33332946331817465,5.681819915771484,6.964162,68913.27836485692,0.9969611717388034,0.8294618037077355,1.2238414,34,0.14424359658484526
SMA09834_20230602_230000.wav,2023/Ustou_Col_dEscots/SM9834_572L_Rouge/Data/,5504.216666666666,0.0013220134,0.00010838707,-0.011512108234992002,3.247824481607679,53.43984603881836,-29.363007,0.37146949768066406,0.034029044,0.9923710557633585,0.029866666666666666,56,4.231083393096924,0.029866666666666666,0.03258181818181818,0.9171558164354322,0.00042387677,3.208466e-08,0.19792826670842123,3.0583666673780754,20,53.35106104582433,-39.648939043690646,-41.6276423151413,1.9787032714506552,0.9547865282033401,0.00015272872920502056,0.014232281552169379,0.01048291013258873,0.18275334495561313,18.6489119965112,2.6264605309063285,306.47476,0.19893077,1.4966631,0.10025127,0.15004238,2553.904,0.27283406,2.076257665646607,0.2207902921578695,0.15178556768738197,0.13840000381155665,0.23479188900747064,0.1400934665154749,262.53515625,5.938425660133362,0.0029348986125933836,0.08499343734288589,0.020660058228777364,0.69826573,0.3333289847314518,5.62352180480957,6.9547,68670.71255637053,0.9968666348140687,0.8466327559587608,1.2247074,25,0.24044073505869798
SMA09834_20230603_000000.wav,2023/Ustou_Col_dEscots/SM9834_572L_Rouge/Data/,5460.05,0.0016222096,7.601389e-05,-0.0074401060568875885,3.27848660721737,51.977338790893555,-30.79494,0.38825368881225586,0.02885713,0.9918591259416892,0.034133333333333335,64,4.03413861989975,0.034133333333333335,0.03303225806451613,1.0338847385272145,0.00035617797,2.1567285e-08,0.18512800237331187,3.252898340083614,20,51.80791730344374,-41.19208261666127,-43.19776941054496,2.00568679388369,0.9566852166688655,0.0001513227735041589,0.011394281861343059,0.008549408609312525,0.18069987639917773,19.411749463443183,2.612234672517494,307.0553,0.19004911,1.4692855,0.07035304,0.1033687,2561.56525,0.19334583,2.0764974514329673,0.21988193515444224,0.1554552171414498,0.13914683069065406,0.23372465314834578,0.1412357423959445,264.67578125,6.018047332763672,0.0028067052427961582,0.08435357092356174,0.020106081904030966,0.69458985,0.3333290346232995,5.629291534423828,6.966566,69394.253078211,0.9969100884627551,0.8562550211793114,1.2302849,34,0.2095909485058698
SMA09834_20230603_010000.wav,2023/Ustou_Col_dEscots/SM9834_572L_Rouge/Data/,5258.166666666667,0.0015944317,5.232582e-05,-0.013103812084809067,3.3647637427367436,50.41379451751709,-32.425488,0.4339580535888672,0.023918044,0.9903805339255495,0.037333333333333336,70,4.468146860599518,0.037333333333333336,0.033939393939393936,1.1005869797225185,0.0002928633,1.63546e-08,0.4455004949147703,3.329497903045372,18,50.183956605525715,-42.81604301008346,-44.845789867385264,2.0297468573018023,0.9505896929018852,0.00015491577140636092,0.01802445651197615,0.014294377928957158,0.1835082193385854,20.33295959617313,2.78953704723738,308.28143,0.1265285,1.2897141,0.052012756,0.067081586,2532.2215,0.13456577,2.0761319404859324,0.2212364762664592,0.15491338970527874,0.14072505336179295,0.23745997865528282,0.14252184498399145,267.0859375,6.116431951522827,0.0029755452908217716,0.08452371019059798,0.021018513497730915,0.6953369,0.3333281998493476,5.540556907653809,6.9284225,67875.25406345687,0.9966757278889418,0.8540812769584044,1.2336392,47,0.23429162219850588
SMA09834_20230603_020000.wav,2023/Ustou_Col_dEscots/SM9834_572L_Rouge/Data/,5107.933333333333,0.0019670913,3.4304525e-05,-0.01809721258877822,3.341830212443079,48.838276863098145,-34.157864,0.3408489227294922,0.019593272,0.9929802339024056,0.0256,48,4.039978384971619,0.0256,0.032680851063829786,0.7837513340448239,0.00023801753,1.0347081e-08,0.3962656057455915,3.63045377956878,22,48.35340958203786,-44.646589950982616,-46.738782891455344,2.092192940472728,0.9527877076166457,0.00012304744218694097,0.009586379047343385,0.0071821947988809365,0.1843352072896296,15.076431658986465,2.435431127010301,307.27875,0.14758182,1.3462663,0.033309344,0.044843245,2544.434,0.08879305,2.0749434285600143,0.2251284585915581,0.1572284705689188,0.1398793642323525,0.2390608324439701,0.14209349152881537,266.283203125,6.1135417222976685,0.003076640875133405,0.08667358550492382,0.021474729294580885,0.69609576,0.33332821466198465,5.542001724243164,6.942163,68452.50817411237,0.9967320424038917,0.8521625592724921,1.232784,47,0.3089147545357524
SMA09834_20230603_030000.wav,2023/Ustou_Col_dEscots/SM9834_572L_Rouge/Data/,4660.65,0.0018393236,3.2140506e-05,0.015162687917151845,3.286453880347564,48.52577209472656,-34.57271,0.3714628219604492,0.018679472,0.9926402760564251,0.0304,57,3.959013521671295,0.0304,0.03377777777777778,0.9004802561366061,0.00021998689,1.4458834e-08,2.234963865230796,12.84783419995479,23,48.07596446883305,-44.92403538112028,-47.255919372758584,2.331883991638307,0.9143684650220361,0.00014359001714936426,0.012277534476080376,0.009174980787543086,0.18436455458862577,16.55604345217273,2.493959704581871,307.90515,-0.0108003365,0.9786301,0.035682812,0.034920275,2540.49725,0.08088356,2.074813220721383,0.2255279092835007,0.1530826697315491,0.14203646706815062,0.22732123799359658,0.14344108524546426,268.80859375,6.1199188232421875,0.0032715364861259344,0.08660774143748409,0.023495113537773626,0.70783496,0.33329931941989344,4.595064163208008,6.700988,61030.199267058284,0.9937539757229388,0.8061275120038035,1.2367072,46,0.25586562833511206
SMA09834_20230603_040000.wav,2023/Ustou_Col_dEscots/SM9834_572L_Rouge/Data/,4491.333333333333,0.0019726267,2.5747877e-05,-0.007520475225297734,3.248706621699312,47.73925304412842,-35.4242,0.31885290145874023,0.016935196,0.993352017320046,0.0224,42,3.9770126342773438,0.0224,0.03446153846153846,0.6503468516542156,0.00019661407,1.1612969e-08,2.148366062628095,11.636976949657821,21,47.10579352089454,-45.89420633995452,-48.18250705551951,2.2883007155649864,0.9143227558552733,0.00010961275437870732,0.02362195670033107,0.0200534849142604,0.18479467326110255,11.479935055031445,2.172212035958292,307.391,-0.015742298,0.9690034,0.028687965,0.027798735,2539.806,0.06467234,2.074734227630106,0.22591866582577963,0.14679418766932106,0.14166484029577678,0.22785485592315902,0.14231235825773747,266.693359375,6.083764433860779,0.0029182230522945577,0.09039009514790766,0.020985926655098776,0.7079487,0.33330300960612175,4.652483940124512,6.7007875,60942.05062287306,0.9939216617494822,0.8072597914166268,1.233208,38,0.20490094717182497
SMA09834_20230603_050000.wav,2023/Ustou_Col_dEscots/SM9834_572L_Rouge/Data/,4939.816666666667,0.0015543082,1.9863597e-05,-0.009512161393478635,3.241045322033715,46.499643325805664,-36.43848,0.2774772644042969,0.01506871,0.9938154178902975,0.014933333333333333,28,4.194211661815643,0.014933333333333333,0.032,0.4669156883671291,0.00017928676,6.6055765e-09,0.7222541266561749,4.410024204773238,19,45.975339641781225,-47.024660001895846,-49.07196483320777,2.0473048313119264,0.9458312004810794,0.00011601766368263267,0.011133711404784585,0.008870591378307924,0.17947762680429546,7.563472625271598,1.6973385386219288,308.9798,0.11413268,1.2576745,0.019741025,0.024827782,2541.965,0.050934017,2.0763003717212047,0.22063291759149237,0.1507183318282571,0.14378382756517763,0.21664887940234792,0.14464276780949842,271.060546875,6.173840165138245,0.003551894343649947,0.09368725003487567,0.024374958288841432,0.70913476,0.33332643330929085,5.39268684387207,6.8985925,66814.1616850616,0.9963880481664091,0.8405516077054561,1.2359854,56,0.3130836446104589
SMA09834_20230603_060000.wav,2023/Ustou_Col_dEscots/SM9834_572L_Rouge/Data/,6839.783333333333,0.0009811711,0.0025594078,-0.03862997148456429,11.769528670180511,67.10363388061523,-28.532885,8.815733671188354,0.03744173,0.8379641382273343,0.35146666666666665,659,13.111841678619385,0.3514666666666667,0.15855639097744362,2.2178495197438632,0.0011051479,3.7871628e-06,3.2845392670723577,13.829438816643645,22,67.08978953350837,-25.910210768494935,-46.98034170398128,21.070130935486347,0.6525299239078352,0.2746958073687562,0.4201180233753148,0.29513262321908773,0.23718021789147548,14.19404899420527,3.169386555177909,401.43433,0.8374145,11.301218,0.4243427,4.7955894,2519.8225,10.796435,1.95479838182048,0.4239475779466515,0.14735243411870946,0.25888330919347463,0.3143009605122732,0.24494938967449306,459.03515625,24.353535175323486,0.08408442836179296,0.17302524975023567,0.4320037727742926,0.82145756,0.33301493552668643,3.4767982959747314,5.057528,12378.485446879293,0.9739942345768213,0.13358371941786432,2.7958596,68,5.519402014407684
SMA09834_20230603_070000.wav,2023/Ustou_Col_dEscots/SM9834_572L_Rouge/Data/,3945.233333333333,0.0016105825,3.6104713e-05,-0.017000272204845977,3.9529188234110473,48.89756679534912,-35.03882,0.6886568069458008,0.017703502,0.9834865962776158,0.088,165,4.390092492103577,0.08800000000000001,0.05028571428571429,1.7509338313767342,0.00020559724,2.7945193e-08,4.255049372436496,25.381872068915026,22,48.55702432921091,-44.44297524713453,-47.84279953579109,3.3998242886565606,0.8128468769075189,0.009531937318260186,0.35640499280318394,0.2449596880783681,0.18397806729147637,5.030211308714637,1.5629138507819105,319.92694,-0.24437284,0.6072354,0.045039147,0.027349362,2552.59275,0.093751326,2.07082603475732,0.23897181933062459,0.16648058451687053,0.1567740890379631,0.21771611526147278,0.15804053828708645,296.16796875,8.710296750068665,0.011691652214514407,0.13875095382924474,0.07341815645021357,0.7356632,0.3331057891094436,3.6447768211364746,6.061778,45552.281253549125,0.9821839779615402,0.6943991123392221,1.3287909,179,2.691018543223052
SMA09834_20230603_080000.wav,2023/Ustou_Col_dEscots/SM9834_572L_Rouge/Data/,5342.333333333333,0.0014406584,2.8849228e-05,-0.003978027905332615,3.562608948841613,47.92365550994873,-35.509167,0.5020284652709961,0.016770335,0.9879379371185368,0.07146666666666666,134,3.9564016461372375,0.07146666666666666,0.04561702127659575,1.5675026680896478,0.00020849319,1.30020945e-08,3.3678339897967597,21.77181225748633,24,47.61099266787865,-45.38900695163102,-48.681945328086385,3.2929383764553677,0.9061458598291845,0.012092416975467701,0.16512593038590617,0.11381003136904133,0.19482487302123996,6.903655238713071,1.9618347199338941,335.88043,0.12500304,1.2857223,0.025925,0.033332348,2545.4145,0.08546068,2.0741329012588086,0.2274912421841492,0.14800098514079305,0.17486349862783962,0.2390608324439701,0.171526897678762,321.44140625,9.24738347530365,0.013567652748132339,0.12908741321538583,0.09202524359316605,0.77096325,0.3332729861722328,4.30839204788208,6.6487865,61471.723324911545,0.9919706648215652,0.9527834756770109,1.3995771,248,2.9901364060832445
SMA09834_20230603_090000.wav,2023/Ustou_Col_dEscots/SM9834_572L_Rouge/Data/,4923.833333333333,0.0021858506,2.457484e-05,-0.005109883964707499,14.805909549796432,47.6970911026001,-37.06884,1.6664299964904785,0.014013866,0.9442472482089144,0.096,180,7.5542110204696655,0.096,0.06939759036144579,1.3840715048025614,0.00019957885,7.972481e-09,0.9948259062668988,6.021762819574569,22,46.88735961312374,-46.112640275503374,-50.49865435904593,4.386014083542555,0.9457525470820848,0.04985443438418791,0.3673114988809433,0.22650183298564042,0.18661126125146554,6.434551896222105,1.7821260146545057,330.77545,0.4492538,2.6314368,0.013901642,0.036581293,2543.59375,0.08136515,2.0636503875718244,0.2601691833759142,0.1465150644446269,0.16355746874523552,0.2289220917822839,0.16143401480789754,302.52734375,11.819580793380737,0.014885022011739593,0.14222329544944434,0.09293767518686599,0.7446845,0.3333248738150966,5.290802955627441,6.89801,67244.33090945265,0.9962068519089371,0.9405799824134602,1.4196818,152,5.402256203308431
SMA09834_20230603_100000.wav,2023/Ustou_Col_dEscots/SM9834_572L_Rouge/Data/,4802.466666666666,0.0011004319,6.954944e-05,-0.0002074725766996456,5.033608982731708,51.51850700378418,-33.200775,1.1716041564941406,0.021875666,0.9644373782156009,0.19413333333333332,364,4.803435206413269,0.19413333333333332,0.07372151898734176,2.6347385272145143,0.00027619253,5.947019e-08,4.353030419699585,24.87344602952598,21,51.42017813213316,-41.579821757389354,-47.685773162392536,6.105951405003182,0.7877061472574587,0.03358807368584327,0.27595382528642143,0.1758593867494852,0.1985503638312892,6.571259730013437,1.9663068205278258,353.80405,-0.28432912,0.5572333,0.086058095,0.047954433,2469.293,0.1946088,2.0634622110110517,0.26010698171416263,0.21402183728757904,0.19649408255831682,0.2694770544290288,0.19879039654482392,372.533203125,13.298465013504028,0.044630052694770536,0.16080273819034835,0.25202664091697813,0.7781547,0.3330626816023141,3.558032751083374,5.903736,42161.772454642356,0.9798161517828703,0.8468495528090946,1.683856,210,7.727975753735325
SMA09834_20230603_110000.wav,2023/Ustou_Col_dEscots/SM9834_572L_Rouge/Data/,4214.166666666667,0.0020278979,1.2589986e-05,0.02084047020266036,5.2371532062247415,45.248374938964844,-38.60126,0.7130107879638672,0.0117472755,0.9838548364904591,0.06826666666666667,128,5.027895569801331,0.06826666666666667,0.05535135135135136,1.233991462113127,0.00013855594,5.3590536e-09,1.1529958814076637,5.374712357187211,23,43.99441790952974,-49.005581970079064,-52.22508792921246,3.219505959133393,0.9268395003116011,0.04531968048837953,0.4608833574326868,0.315704020273451,0.20156921011077955,15.190445856673314,2.9189615042075143,315.6124,0.21313246,1.5417238,0.010504365,0.01619483,2530.2885,0.03249381,2.0724050284959272,0.23470461160704909,0.16255644035793448,0.15512439967982924,0.23799359658484526,0.1560769910618997,292.48828125,9.145773649215698,0.010680696371398079,0.11849870868611706,0.06403314577215698,0.72670823,0.3333212288550082,5.111661434173584,6.779669,61749.58176813491,0.9954977002926171,0.8075917084324011,1.3021274,129,2.036919690501601
SMA09834_20230603_120000.wav,2023/Ustou_Col_dEscots/SM9834_572L_Rouge/Data/,4657.35,0.0015198789,8.89514e-06,0.01809164547899227,3.4726360967522933,43.51478576660156,-39.851185,0.42310333251953125,0.0101728095,0.9918562154520345,0.039466666666666664,74,3.8786008954048157,0.039466666666666664,0.03946666666666667,1.0005336179295623,0.000120077086,2.9201774e-09,1.3150235521555624,8.060635573966156,22,42.48286085866769,-50.51713924299548,-53.37539865078761,2.8582594077921257,0.9434919306824103,0.00605672726034634,0.23683178006307404,0.1596860534533472,0.18671653007465672,9.980727781665816,2.1559119299622096,320.53424,0.13356689,1.3083143,0.008218214,0.010752007,2540.6745,0.023727715,2.074483564450731,0.22679367267057754,0.1578606025777851,0.15996984105808812,0.22038420490928495,0.15972476987726789,299.32421875,7.929753661155701,0.009924042822838847,0.13295115120320394,0.0641309063000534,0.7433018,0.33332201416487806,5.145200252532959,6.883762,67234.71339746412,0.9959161318838596,0.909281190915296,1.3163133,187,2.113418823372465
SMA09834_20230603_130000.wav,2023/Ustou_Col_dEscots/SM9834_572L_Rouge/Data/,4868.016666666666,0.0011403881,7.904224e-06,0.029050183111720043,3.4301136197479822,42.660698890686035,-40.568016,0.38469600677490234,0.009366972,0.9917341647010767,0.038933333333333334,73,3.9621910452842712,0.038933333333333334,0.040275862068965516,0.9671824973319103,0.000112889975,2.6367584e-09,1.1830713383113352,6.332352633187297,17,41.96251821588754,-51.0374815692851,-53.55724385583399,2.5197622865488896,0.9427761771078862,0.006150691966353428,0.24000869318645646,0.19027254161680252,0.18719539769449323,6.219238609544255,1.7967653114645035,321.52414,0.08133599,1.1770746,0.0077157486,0.009082011,2532.668,0.021352042,2.074737960593489,0.22610902231874058,0.14027583942205074,0.16178628601921025,0.23319103521878334,0.15907442302561367,298.10546875,8.159186840057373,0.00925910485592316,0.1260284299034299,0.06051376676788575,0.7402928,0.3333239858257002,5.240894317626953,6.8793564,66924.63787497272,0.9960358031094074,0.9255816557043783,1.3177243,192,2.469858924759872
SMA09834_20230603_140000.wav,2023/Ustou_Col_dEscots/SM9834_572L_Rouge/Data/,4741.05,0.001793652,2.794204e-05,-0.3043907958742764,79.52353446097494,47.95646667480469,-40.595863,4.676197052001953,0.00933699,0.8071080127086118,0.16426666666666667,308,11.078804731369019,0.16426666666666667,0.07300740740740741,2.2512006403415152,0.00018696242,1.9978348e-08,1.5892845059385239,5.182355433716295,23,47.49105573576851,-45.50894415720205,-54.84276613414142,9.333821976939369,0.8683867248669532,0.13827686301857423,0.3970610528591395,0.27605380435848226,0.19812228851869917,10.039028904516174,2.440794600513935,362.09302,0.8129314,9.691268,0.00506087,0.04904625,2557.2,0.13642448,1.9999404996644514,0.3581139518928337,0.1426319678187341,0.19000371626772372,0.25933831376734257,0.18405858124332977,344.92578125,17.803118228912354,0.0307195087379936,0.15806820595648613,0.17407891334089695,0.778139,0.3333075745225263,4.734060764312744,6.413761,46799.38800748825,0.992993074003607,0.6425578099113501,1.781497,193,6.019147712113127
SMA09834_20230603_150000.wav,2023/Ustou_Col_dEscots/SM9834_572L_Rouge/Data/,3934.5333333333333,0.00023118981,1.21907315e-05,-0.012031344769294364,7.700260079426147,43.899898529052734,-40.320934,1.1814370155334473,0.009637255,0.9636436370695325,0.09706666666666666,182,6.150138974189758,0.09706666666666666,0.06330434782608696,1.5341515474919956,0.00012807411,7.456198e-09,2.3082223751748434,9.784245050612121,21,43.869253658902494,-49.13074572194233,-52.60851503904736,3.477769317105029,0.8783099709482698,0.04732925983680192,0.47144712275403766,0.30448511864982675,0.18513991968018717,6.606222302750329,1.7487360085960872,334.4635,-0.1159308,0.79222584,0.013859569,0.0109799085,2524.25325,0.03755796,2.05725409287496,0.2809755480462794,0.15276249897381167,0.1636205976520811,0.2289220917822839,0.16230114394343648,304.15234375,11.717395782470703,0.016677644743863393,0.13965397032565693,0.10365874641284037,0.745253,0.3332923924511609,4.502384662628174,6.475207,52720.717649297185,0.9920894484966993,0.8302790603115145,1.4434556,154,4.658734658484525
SMA09834_20230603_160000.wav,2023/Ustou_Col_dEscots/SM9834_572L_Rouge/Data/,5125.533333333333,0.0020560245,3.322433e-05,-0.016989721422546893,5.129579690152201,48.75530242919922,-35.134888,0.9827470779418945,0.017508771,0.9787950767686616,0.09706666666666666,182,5.206524133682251,0.09706666666666666,0.05153982300884956,1.8843383137673424,0.0002383591,7.890321e-09,0.14125216376607524,5.838667302881184,21,48.20210311703914,-44.79789653403624,-48.082461831883016,3.2845652978467754,0.9644651003000292,0.01920639660449508,0.2680662575873235,0.18591876546315422,0.18775932580389865,6.635957955397319,1.8287723258234567,334.67566,0.29272735,1.8277639,0.025318293,0.04627586,2554.755,0.10604459,2.073366570906675,0.23079854988452767,0.15381331581971924,0.1604629611983534,0.2390608324439701,0.15964451874332974,299.173828125,9.827566742897034,0.011607232190501603,0.12593839384890568,0.07960965655032036,0.7429584,0.3333287036399876,5.592203617095947,7.0151567,71897.02078178902,0.9970262281130999,0.9544057081584283,1.4257216,177,1.2684890274813234
SMA09834_20230603_170000.wav,2023/Ustou_Col_dEscots/SM9834_572L_Rouge/Data/,5284.966666666666,0.0017346758,5.8235815e-05,-0.014118230569217545,3.5520041493651124,50.89130401611328,-32.040905,0.5918469429016113,0.025000852,0.9882135478345412,0.0656,123,4.297471642494202,0.0656,0.03514285714285715,1.8676627534685164,0.00030985888,1.7727189e-08,0.1420548583116102,2.7300988456067103,20,50.65182023065595,-42.34817959159699,-44.49607976817524,2.147900176578254,0.9537726713673205,0.0008931987316553869,0.18211573340099085,0.14864227142312936,0.18426072317059927,18.252832103113022,2.639871866663104,312.05115,0.2082218,1.5259598,0.0532912,0.08132023,2513.52925,0.15500243,2.07606811859758,0.22171687505592405,0.149823495607914,0.14386839647812164,0.2305229455709712,0.1446125433564568,271.00390625,6.610118746757507,0.003296549826574173,0.10191778273809526,0.024146850390416443,0.7029026,0.33332913091514155,5.640619277954102,6.9483786,68168.75028531166,0.9968745675869286,0.82783753368961,1.2561202,60,0.2874449706510139
SMA09834_20230603_180000.wav,2023/Ustou_Col_dEscots/SM9834_572L_Rouge/Data/,5002.4,0.0016896604,4.7737365e-05,-0.012037059490306243,3.241807298928268,50.06145000457764,-32.861637,0.30182504653930664,0.022746686,0.9928548297611934,0.026133333333333335,49,3.8664934039115906,0.026133333333333335,0.032,0.8171024546424759,0.00027680158,1.6662138e-08,0.6435118083528585,3.6397687168898747,17,49.790643505794485,-43.209356243151156,-45.33268393462631,2.123327691475154,0.9435639340855715,0.0006652776908167013,0.17838534238337167,0.13417873647653134,0.1885412385768176,19.452392566727813,2.9043158048984394,310.10583,0.09500632,1.2099602,0.04933337,0.059691414,2515.36925,0.123882495,2.075989282750906,0.22180258552942486,0.1531893933174616,0.1429274184326879,0.2529348986125934,0.14425297658751335,270.330078125,6.45336389541626,0.003941685565635005,0.10260103213350119,0.028122445191537643,0.6985847,0.3333269314710681,5.430154800415039,6.884452,65890.09562397309,0.9963932945393026,0.823653598116115,1.2497096,91,0.46493546558164356
SMA09834_20230603_190000.wav,2023/Ustou_Col_dEscots/SM9834_572L_Rouge/Data/,4908.2,0.002006922,3.4981542e-05,-0.020764782636496133,3.2457311020974045,48.93228054046631,-34.070343,0.29880428314208984,0.019791694,0.9931924465611472,0.024,45,3.737397789955139,0.024,0.03272727272727273,0.7337246531483458,0.00023554335,1.2876953e-08,1.1339487833039352,6.357720702623793,21,48.440568222252544,-44.55943153276415,-46.803892848917684,2.244461316153533,0.9374551867636582,0.00021537186654307927,0.04896766688019849,0.04135465108601766,0.17958344181213393,9.031544506149434,1.8719456400141736,308.86847,0.10244684,1.2282803,0.035739508,0.04389813,2522.82,0.08955156,2.0753133510242785,0.224248764103098,0.15626795829570642,0.1424331071809727,0.23532550693703308,0.14419148545891142,270.21484375,6.291027665138245,0.0035049943303094985,0.09578593975468977,0.02515704251201281,0.7029713,0.3333221406658898,5.150819778442383,6.8460593,65008.97753636076,0.9958306890912354,0.8265880792643259,1.2394745,112,0.3592541021878335
SMA09834_20230603_200000.wav,2023/Ustou_Col_dEscots/SM9834_572L_Rouge/Data/,3624.2999999999997,0.0017002345,5.858048e-05,-0.030087877829450212,4.7399851777705075,50.907325744628906,-33.38701,0.7494721412658691,0.021411626,0.9816656420979546,0.08853333333333334,166,4.652263820171356,0.08853333333333334,0.05651063829787234,1.5675026680896478,0.00024094267,5.61799e-08,5.507607608120656,42.72397018720017,23,50.67062540013774,-42.32937426083278,-46.19548615506141,3.8661118942286308,0.7441496682264763,0.0036085678419071066,0.30995647336835486,0.24981312526637034,0.18148179183409308,7.745517227198639,1.718997749211341,310.847,-0.45075074,0.37859657,0.08596666,0.032546684,2533.096,0.12321856,2.0562747875340595,0.283154474695171,0.16842623758312125,0.14567650365909438,0.22678762006403416,0.14856569336979722,278.412109375,7.725515365600586,0.008923509204909285,0.13089466261378074,0.05575608774359317,0.70997274,0.3324020206928253,2.9401516914367676,5.6246896,37342.753592769426,0.9658648930490017,0.5612866163667597,1.2748122,198,2.225457744130203
SMA09834_20230603_210000.wav,2023/Ustou_Col_dEscots/SM9834_572L_Rouge/Data/,5015.466666666666,0.0011991935,9.470492e-05,-0.057164329153389024,18.219400715205445,52.84977912902832,-33.982727,3.35190486907959,0.01999235,0.8965145851554662,0.2176,408,8.199052214622498,0.21760000000000002,0.1012093023255814,2.1511472785485592,0.00034688262,6.5573204e-08,1.942433495628871,8.325097483508275,24,52.785510924430454,-40.214488963341864,-47.40168451063675,7.187195547294884,0.8686489028636019,0.12072420907124715,0.4370881039562625,0.271486401046954,0.18897042871982694,6.61654488791085,1.8451359293484875,342.19623,0.36853364,2.1672313,0.058519475,0.12682524,2585.132,0.34196356,2.025949785334187,0.3299955492173671,0.18331828257121746,0.17054929295624333,0.23585912486659552,0.17221268009605123,322.7265625,16.039259433746338,0.03202332910885806,0.14660672673857772,0.17942315553256807,0.7553934,0.3332881249904555,4.452808380126953,6.414858,47963.680037004284,0.9919343963265419,0.9403058633208112,1.6582221,173,9.71789120864461
SMA09834_20230603_220000.wav,2023/Ustou_Col_dEscots/SM9834_572L_Rouge/Data/,4599.216666666666,0.0017346658,1.8078326e-05,0.0057355246169884045,3.2828115976969863,46.26082420349121,-36.79929,0.2946586608886719,0.014455578,0.9933069680019112,0.021866666666666666,41,3.9697569608688354,0.021866666666666666,0.032799999999999996,0.6670224119530416,0.0001675039,7.2280746e-09,1.4359376843995395,7.218583762354859,20,45.56867859331551,-47.43132147845547,-49.63225629080299,2.200934812347519,0.9293223182961904,0.00014241838739870172,0.014692653935549416,0.011962756616388903,0.1853563018017712,10.142731792219392,2.161247698829713,309.87354,0.038387734,1.0798403,0.019397039,0.020945705,2513.092,0.046250124,2.0753636713459525,0.22412462745460787,0.1578934406042197,0.14661033503582863,0.22838847385272146,0.14801956877001066,277.388671875,6.310967206954956,0.0045378368463180364,0.10860324114803956,0.03085973997263748,0.70980537,0.33331859345707926,5.0131707191467285,6.795077,63414.87361248798,0.9953402220271528,0.8193397867937395,1.2420087,42,0.27431296691568835
SMA09834_20230603_230000.wav,2023/Ustou_Col_dEscots/SM9834_572L_Rouge/Data/,4891.7,0.0015030567,1.4763454e-05,0.011307649948566726,3.31957498090984,45.3308629989624,-37.735435,0.3608675003051758,0.012978619,0.9930829868415221,0.0272,51,3.9516490697860718,0.027200000000000002,0.034,0.8004268943436499,0.00015312167,5.3084728e-09,1.3132386143785728,7.0730571210507485,22,44.6797903078382,-48.320209237293845,-50.37894288665629,2.058733649362445,0.9374454792984762,0.00010516056132603424,0.016318407377638344,0.014299845534460509,0.18330081192171666,12.519203318819871,2.215932725325649,309.35526,0.117036924,1.2651004,0.014462402,0.01829639,2529.1085,0.03769619,2.075888144035704,0.22211093213191155,0.14209014038256298,0.14590281483457845,0.20757737459978656,0.14540775913820705,272.494140625,6.138303279876709,0.0030662186499466385,0.10095751488095239,0.022517508258809396,0.70589554,0.3333213714698407,5.117587566375732,6.8459496,65546.79399156425,0.9957340890541673,0.8560683630417353,1.2373114,27,0.0719133537886873
SMA09834_20230604_000000.wav,2023/Ustou_Col_dEscots/SM9834_572L_Rouge/Data/,3714.5833333333335,0.0018679473,2.2337996e-05,0.05740728229981286,5.143905220759106,47.14137554168701,-37.268566,1.1660351753234863,0.013695304,0.9750485173247958,0.1424,267,4.974614381790161,0.1424,0.096,1.4841248665955176,0.00015429666,1.9819812e-08,4.145584358226825,23.854787900524297,23,46.49027982396839,-46.509719784984036,-50.463587043705985,3.9538672587219494,0.784135175931677,0.00015022925240348872,0.013150945400911662,0.010221949132779962,0.1822795029531814,7.374208616413385,1.7826746608990447,309.97662,-0.39855945,0.4300429,0.031970788,0.01374881,2514.024,0.054359518,2.0711740785438053,0.2391485125364916,0.18906493719727446,0.1476835264522031,0.2289220917822839,0.15297846351387406,286.681640625,6.871737837791443,0.009614502734791888,0.1013410363732058,0.051813079785104105,0.7159525,0.33304656599648297,3.529113531112671,5.881345,40228.49082950135,0.979604410007596,0.5825847102192571,1.2602731,40,2.027227021077908
SMA09834_20230604_010000.wav,2023/Ustou_Col_dEscots/SM9834_572L_Rouge/Data/,2217.65,0.001056463,6.6041146e-05,0.0028891482624586423,4.643349230862193,51.29153251647949,-33.67681,1.1379060745239258,0.020709015,0.9719244230379662,0.15146666666666667,284,4.924867749214172,0.1514666666666667,0.08261818181818183,1.8343116328708644,0.0001949471,9.0798665e-08,4.248873664576141,22.572813517595783,20,51.19196005922908,-41.808039411228165,-45.76145964286799,3.953420231639825,0.6425705996882042,0.00017428671661812167,0.009856322541907603,0.007394494109710048,0.17967185094805016,10.621232495677866,1.9886212159784615,309.56696,-0.80559236,0.10766969,0.11504807,0.01238719,2534.83325,0.14696984,2.054898607976994,0.28682618513335945,0.1823331417781791,0.14940110916298213,0.23159018143009605,0.15361734591782283,287.87890625,6.6390204429626465,0.008413862393276413,0.10691379229328388,0.04982528238454351,0.71750695,0.33269975427538157,3.1327567100524902,4.990674,17865.636963452434,0.9648750796914101,0.2038889911662808,1.2540565,42,1.5415513273745998
SMA09834_20230604_020000.wav,2023/Ustou_Col_dEscots/SM9834_572L_Rouge/Data/,3995.75,0.0017290103,1.0737387e-05,0.026924073509226522,3.4564417908538725,44.3963098526001,-38.8201,0.3817453384399414,0.011455003,0.9925065200753339,0.03306666666666667,62,3.930622935295105,0.03306666666666667,0.033627118644067804,0.9838580576307363,0.00012468203,5.4383853e-09,1.952040401881955,8.814896286312264,21,43.31158051581605,-49.68841914364616,-52.07314946223548,2.3847303185893196,0.9042242403435441,0.00021568430114327075,0.028287464476319024,0.023400284351496214,0.18409024890866732,15.23174494968096,2.4499024546949815,314.01184,-0.06302484,0.8814236,0.012271153,0.010816083,2525.015,0.028130729,2.074950543738715,0.22558991202809048,0.1533535834496347,0.15219426551303553,0.24386339381003203,0.15234687666755603,285.498046875,6.476882100105286,0.004663945771077909,0.11190487301005447,0.032619429474773094,0.71851486,0.33330635836318834,4.710994243621826,6.6377287,57966.01385285878,0.9937954409979284,0.7753962991318006,1.2551649,50,0.26764274279615796
SMA09834_20230604_030000.wav,2023/Ustou_Col_dEscots/SM9834_572L_Rouge/Data/,3655.9333333333334,0.0019634103,8.249861e-06,0.015371791906254137,3.613881049206939,43.85018825531006,-39.52703,0.3667483329772949,0.010559626,0.9920906364122724,0.029333333333333333,55,4.150484800338745,0.029333333333333333,0.0325925925925926,0.9004802561366061,0.00011060618,3.8638763e-09,1.7036599726261323,7.77222376326548,22,42.16031146425935,-50.839688285843245,-53.1199387428391,2.2802504569958586,0.9140154801857318,0.0002277911419006351,0.02170376447246425,0.017790755431033922,0.1813729961412539,11.647153383421237,2.08089716248833,312.62347,-0.013429832,0.97349626,0.009067067,0.008826756,2536.71625,0.021640029,2.0743919704906175,0.22756395734994134,0.15271324193415975,0.15086141180057935,0.2305229455709712,0.15115978521878334,283.2734375,6.408259272575378,0.004231423425827109,0.10767686365862411,0.029947308378937533,0.7217683,0.3333126987466433,4.844964981079102,6.6991653,59806.94959931775,0.9944996084086597,0.7892843031956944,1.2519445,52,0.2171991728922092
SMA09834_20230604_040000.wav,2023/Ustou_Col_dEscots/SM9834_572L_Rouge/Data/,3595.616666666667,0.0019086886,8.781919e-06,0.01835568968375054,3.6470164490620407,43.963565826416016,-39.496094,0.39679384231567383,0.010597304,0.9908495656605678,0.037333333333333336,70,4.2828479409217834,0.037333333333333336,0.035555555555555556,1.0505602988260405,0.00011016293,5.0556315e-09,2.9882681107583213,17.76151533322485,23,42.44583768543917,-50.55416173326697,-53.22778477098246,2.673623037715487,0.8804582253493806,0.0002420850248593398,0.0201327651940586,0.016486809627140775,0.1818579965678654,19.97159022617462,2.7119759987433856,315.0666,-0.101127945,0.81631935,0.010262715,0.008377653,2520.664,0.023365542,2.0730844476628065,0.23265698787234435,0.15667022411953044,0.15329008804695837,0.24546424759871932,0.1537528348452508,288.1328125,6.522465348243713,0.0043689967982924235,0.10914208592029317,0.031706997881073146,0.719921,0.33324686712391366,4.128572463989258,6.4877796,54871.01686844593,0.990477729588747,0.760480212683887,1.2602217,37,0.17967916221985059
SMA09834_20230604_050000.wav,2023/Ustou_Col_dEscots/SM9834_572L_Rouge/Data/,3952.116666666667,0.0015532078,7.645023e-06,0.022232484826990008,3.5622307216328104,43.04548740386963,-40.213066,0.3815493583679199,0.0097576855,0.9911966099161426,0.039466666666666664,74,4.05031144618988,0.039466666666666664,0.03758730158730159,1.0505602988260405,0.00010549755,3.815306e-09,2.141767558260816,11.636558073884645,21,41.83766990135591,-51.16232987919554,-53.74113254021067,2.578802661015132,0.9048981065879914,0.00035846691343011106,0.047375500157630035,0.039429663405596616,0.18129574382351854,7.3764560732721005,1.6972728894747577,315.02765,-0.025273316,0.9506993,0.008479346,0.008061308,2527.646,0.020048678,2.0736450732745135,0.23033988724385585,0.15285280354650685,0.15506603521878334,0.22411953041622198,0.1548044373665955,290.103515625,6.655563712120056,0.004881770277481323,0.1128667575630891,0.03447687950480513,0.72539556,0.3332944523402451,4.528196334838867,6.6417036,58356.94824628346,0.9933516560122371,0.7777761538601935,1.2637796,72,0.35133321104589116
SMA09834_20230604_060000.wav,2023/Ustou_Col_dEscots/SM9834_572L_Rouge/Data/,6982.483333333334,0.0018343261,0.0001514553,-0.04695618195565516,6.327380805666596,54.91887092590332,-31.627123,2.5352234840393066,0.02622068,0.939290178154719,0.2992,561,6.178249716758728,0.2992,0.10317241379310345,2.9015474919957307,0.0004594454,8.467495e-08,1.8310764154338384,9.086648991255283,23,54.802167964923065,-38.197831710972764,-49.631269512831665,11.4334378018589,0.8970604367861378,0.06527401920736742,0.30610040553280926,0.13293493433317483,0.23261861329116096,11.663909141149718,2.725330346110961,402.71405,0.8304274,10.794358,0.024939775,0.26920888,2486.58825,0.61186385,2.053968934122148,0.2875034403561386,0.16754782037599542,0.27396516237231283,0.3249733191035219,0.26073176527481323,488.611328125,17.68370032310486,0.098320145744397,0.17834805342798157,0.5132101846135879,0.82204884,0.3333001801390007,4.607879638671875,6.5927935,54525.37313562027,0.9933112096041441,0.7754112538779159,2.3842022,52,2.7475070037353255
SMA09834_20230604_070000.wav,2023/Ustou_Col_dEscots/SM9834_572L_Rouge/Data/,5449.683333333333,0.00085519085,9.219058e-06,-0.022778216389205564,7.567617581042504,42.99901008605957,-41.245224,1.363725185394287,0.008664411,0.964628648003131,0.1232,231,5.832647681236267,0.1232,0.06264406779661016,1.9677161152614726,0.00012221308,3.0685765e-09,0.4770916139979032,3.2298576559243295,19,42.64653701078188,-50.35346281660865,-54.84583940217569,4.492376585567044,0.9471463709214107,0.03994127506340783,0.38024664281773657,0.2238509035116779,0.1959440545790505,7.693769340607521,2.0814369131541355,337.84442,0.40966135,2.3878858,0.005552359,0.013258399,2456.3995,0.030780634,2.0656591793295407,0.25942361512132556,0.13825630079632215,0.1841827546119835,0.26254002134471716,0.17843057964247597,334.37890625,11.887354850769043,0.027214514407684097,0.15574868715486412,0.1539076577516017,0.76674736,0.3333278397306761,5.506657123565674,6.906893,66814.25314262208,0.9965777569450438,0.8345632837936132,1.4922336,258,6.582364761205977
SMA09834_20230604_080000.wav,2023/Ustou_Col_dEscots/SM9834_572L_Rouge/Data/,4396.983333333334,0.0014857383,9.972175e-06,-0.006348130780800568,3.983292503312165,43.87692928314209,-39.678345,0.48801422119140625,0.010377264,0.9866453633542457,0.05226666666666667,98,4.4892361760139465,0.05226666666666667,0.04977777777777778,1.0505602988260405,0.00012295411,4.3681183e-09,1.5349367336932527,7.740253454367514,23,42.98988842065973,-50.01011114989275,-53.65574137062295,3.6456302207301974,0.9222486336478362,0.016694422418967125,0.24418695920344802,0.16491870813733012,0.19827307724248766,7.839359075463735,2.089726278845935,343.90308,0.110769674,1.2491361,0.00907055,0.011330351,2593.42,0.029987104,2.067826373695689,0.2484436050608382,0.1447582300303752,0.18899127153529502,0.21077908217716115,0.18347806330042687,343.837890625,10.406683683395386,0.021730339514407684,0.14554003017849837,0.13826597328817403,0.78380543,0.3333158814032989,4.9287238121032715,6.750732,61125.69716078425,0.9949092222377658,0.8672094581077328,1.4771082,254,4.010368029615795
SMA09834_20230604_090000.wav,2023/Ustou_Col_dEscots/SM9834_572L_Rouge/Data/,5065.733333333334,0.0017191726,8.69162e-05,-0.15429271747663142,73.26165716079187,52.55683422088623,-40.594345,9.539719581604004,0.009338624,0.71458171170941,0.22026666666666667,413,15.735300779342651,0.2202666666666667,0.1334949494949495,1.650880469583778,0.0003313784,5.879793e-08,2.055945273096875,10.68700371439803,26,52.361521725888316,-40.63847817194499,-55.33206048841318,14.693582316468188,0.8706017849733324,0.11357242485559682,0.40037867871558264,0.23399916986910096,0.1977049553443273,8.918623049923355,2.1917220175278276,392.09344,0.9398485,32.24933,0.0049133645,0.1584527,2422.55675,0.47509843,1.9284594531451158,0.44340198113291757,0.1382234627698875,0.21342573181887484,0.2865528281750267,0.20402860692369265,382.349609375,24.852349758148193,0.060188350453575234,0.22544154501560318,0.2388941433362253,0.7951828,0.33326804637423874,4.269052982330322,6.4267197,48308.068347665925,0.9913125652819872,0.6165705157277653,2.6150725,167,13.883863060298825
SMA09834_20230604_100000.wav,2023/Ustou_Col_dEscots/SM9834_572L_Rouge/Data/,2837.133333333333,0.0014966044,3.7649646e-05,-0.08344148340545605,24.88732062920754,49.02918338775635,-37.301594,2.306619644165039,0.01364333,0.9099543405800167,0.17013333333333333,319,7.236849069595337,0.17013333333333333,0.08954385964912281,1.9010138740661686,0.00016734865,4.6380965e-08,4.522226434015506,27.179602479797573,18,48.80764300574946,-44.19235687633609,-50.3525693535936,6.1602124772575095,0.6830608191461369,0.13434338951083158,0.6047749953872394,0.39371565937760455,0.19256527566440307,5.775746160667569,1.7730140206405878,356.73627,-0.46404362,0.3660795,0.053512756,0.019589923,2555.3595,0.09883566,1.8643850939399556,0.47957456069526555,0.18546096379607585,0.19560313119377953,0.25880469583778015,0.19442452641408753,364.3515625,15.3311026096344,0.03482586546157951,0.16995075358857872,0.1995618242792312,0.7866164,0.33260855187351507,3.065514087677002,5.24364,25074.091342067917,0.965722594410181,0.6401703272442815,1.6537399,187,5.675422725453575
SMA09834_20230604_110000.wav,2023/Ustou_Col_dEscots/SM9834_572L_Rouge/Data/,3828.2,0.0016609576,8.686086e-06,0.007827584625916643,9.89477362445245,43.60670566558838,-41.16256,1.6762490272521973,0.008747267,0.9516400184750706,0.12853333333333333,241,6.6448622941970825,0.12853333333333333,0.06373553719008265,2.017742796157951,0.00011707153,3.1723872e-09,1.0032409007961895,5.80975161486696,18,42.36594353216678,-50.6340565477944,-55.47433513999746,4.840278592203056,0.9388454945132332,0.047262164506411075,0.24066996101775873,0.13495123102550133,0.1920125577738674,5.940751042398845,1.8160748337428285,362.9964,0.25838536,1.6968185,0.006436131,0.010920946,2601.295,0.03203197,2.0664797025126584,0.254090567135254,0.14240210163369182,0.19933845670071657,0.23265741728922093,0.1921858324439701,360.15625,14.167850017547607,0.039712846851654215,0.15951774933120705,0.22833600632341164,0.7860471,0.33332352590393083,5.216878890991211,6.854792,64790.98828780976,0.995948941912502,1.001474792982084,1.7599758,208,6.906079075506937
SMA09834_20230604_120000.wav,2023/Ustou_Col_dEscots/SM9834_572L_Rouge/Data/,4023.75,0.0015196,7.275151e-05,-0.10661811620803943,20.85220096036159,51.774725914001465,-39.10244,7.507131099700928,0.011088636,0.8295087861511283,0.288,540,12.404166460037231,0.28800000000000003,0.21333333333333335,1.3507203842049091,0.00029609914,5.3922328e-08,1.092743492988414,3.833833942992506,22,51.6032409869991,-41.39675881719881,-52.913186275676416,11.516427458477608,0.8743591854926493,0.13145875895592685,0.3749749338087298,0.2005639811297627,0.19607625912888693,6.823010177883722,1.9677197119681742,392.1029,0.6619024,4.9154525,0.023112196,0.11360691,2408.4955,0.32203802,1.858098604177553,0.47495491964824466,0.16328708644610462,0.22648865109010521,0.29989327641408753,0.21861346885005334,409.681640625,27.06406593322754,0.09308401981056563,0.2933887452973749,0.2737620649526161,0.7940103,0.3333130603702254,4.853805065155029,6.4514403,43861.204393947206,0.9938286012038589,0.8758492228608853,3.71223,122,23.865540788420493
SMA09834_20230604_130000.wav,2023/Ustou_Col_dEscots/SM9834_572L_Rouge/Data/,3249.7,0.0010979753,2.0394085e-05,-0.026320063375653232,13.113407329161845,46.365060806274414,-39.779716,2.7526912689208984,0.010256856,0.9122662817101356,0.1728,324,7.995359897613525,0.1728,0.06689032258064516,2.584711846318036,0.00014410919,1.9148821e-08,2.8773048834990824,14.406136035149045,17,46.10420011316605,-46.895799611911706,-52.971822684746726,6.076023072835021,0.8003537514019097,0.13270615409718567,0.284240293861312,0.1863921819910922,0.22067656416880577,16.32669744935602,3.277006995399269,383.82355,-0.0284532,0.944668,0.020229513,0.019110173,2656.1315,0.08362698,2.0458599998460394,0.2974854303498038,0.1615959280847221,0.20129187947857904,0.22518676627534684,0.19638703141675556,368.029296875,18.00345540046692,0.04832681596851654,0.1369706136347924,0.29611663899826474,0.79867256,0.3331710709511147,3.8138418197631836,5.985137,35911.20430864332,0.9847068749368191,1.02592039073807,2.1982782,155,4.4806188300426895
SMA09834_20230604_140000.wav,2023/Ustou_Col_dEscots/SM9834_572L_Rouge/Data/,3809.0499999999997,0.0018488994,1.5419519e-05,-0.052141159729620544,21.89050390553267,45.770936012268066,-41.59115,4.115920066833496,0.008326123,0.890558331348484,0.2448,459,8.819630742073059,0.24480000000000002,0.08589473684210526,2.851520811099253,0.00015319532,6.733403e-09,0.9498005247080278,4.832001095837925,17,44.893086361937776,-48.10691369966623,-56.966695681159905,8.859781981493676,0.9274151453532223,0.053344094542360665,0.2675758133736752,0.11870135125231662,0.2003594654321763,10.348244138003292,2.457615639992699,398.23376,0.656871,4.8287115,0.00510677,0.02465912,2595.05125,0.07650143,1.9930708775381296,0.36583085053345277,0.14269764387160333,0.22957362974538803,0.25827107790821774,0.21873957777481323,409.91796875,19.039993286132812,0.07915888473852721,0.177908193856685,0.3921500642351842,0.80181646,0.3333221699431306,5.152129173278809,6.783329,61011.775696784396,0.9956351337023079,0.8088346061063306,2.4244814,138,12.860713213713982
SMA09834_20230604_150000.wav,2023/Ustou_Col_dEscots/SM9834_572L_Rouge/Data/,3052.733333333333,0.0022519687,1.3995e-05,-0.1585792835321445,55.724591338470624,45.82327842712402,-41.346355,4.194253444671631,0.0085641155,0.8311038610249734,0.14346666666666666,269,10.898444652557373,0.1434666666666667,0.07685714285714286,1.8676627534685164,0.00014129863,7.286874e-09,1.0571807662139088,3.89660331414577,19,44.446711644870135,-48.553288396602944,-56.41263116287782,7.859342766274878,0.9106970558281505,0.09247652821616448,0.3179257427154024,0.21177936786413487,0.19753970194040715,10.511149587596444,2.3999439743243474,364.25232,0.6294583,4.3975034,0.0050677615,0.022285499,2539.887,0.06202568,2.0286521558285333,0.3313732549993498,0.14512765782776457,0.1814956071809727,0.24706510138740662,0.1769276947705443,331.5625,16.859456300735474,0.030515233124332977,0.1427807330115466,0.18613604511478912,0.77042043,0.3333210528204897,5.104442119598389,6.678786,56345.25087453503,0.9951375327073038,0.7914239024248096,1.8282261,188,4.059560932497332
SMA09834_20230604_160000.wav,2023/Ustou_Col_dEscots/SM9834_572L_Rouge/Data/,4178.25,0.0016249227,1.072287e-05,0.0020919324301303475,8.141606087393418,44.27971839904785,-41.215103,2.1231727600097656,0.008694506,0.9528449611921473,0.21173333333333333,397,6.144393682479858,0.21173333333333336,0.07472941176470589,2.8348452508004267,0.0001224358,5.8997927e-09,3.1111119588635434,23.89779499604437,23,43.29215040686123,-49.70784962800185,-56.48858805774972,6.7807384297478706,0.8875471209077445,0.05277749439491597,0.21693024279151807,0.14858751725944608,0.21496719323255864,18.109878059649194,3.3459014355973,365.59583,0.29233387,1.8261914,0.007455198,0.013614619,2571.3515,0.040093526,2.0581660117125926,0.27252229388243554,0.1564321484278795,0.20685317883823753,0.24386339381003203,0.20058510372198507,375.896484375,14.122428894042969,0.0453189617796158,0.1631976581501849,0.24759483031900698,0.7952507,0.3332035558899709,3.9255385398864746,6.5316505,55702.45247471935,0.9898197390139103,1.0263200394210417,1.7906716,209,7.110563133671291
SMA09834_20230604_170000.wav,2023/Ustou_Col_dEscots/SM9834_572L_Rouge/Data/,4432.816666666667,0.0014286363,7.2646785e-06,0.020305452723579753,10.746792491855203,42.70808219909668,-42.29057,2.0201263427734375,0.007681954,0.9479468601892184,0.1488,279,6.9721150398254395,0.14880000000000002,0.06867692307692308,2.167822838847385,0.000108327,2.387062e-09,0.6827554633103,3.9318330476809775,21,41.591601039954995,-51.40839887389503,-56.39361525262263,4.9852163787276,0.9463547156703057,0.044139693112111744,0.36011675490776673,0.25941908326651353,0.2190757770493862,18.108343444053574,3.4168582434609336,354.3847,0.39461863,2.3037026,0.004408503,0.01015588,2520.2565,0.027187698,2.069403970853652,0.24385490835866735,0.13723832197684918,0.19462880202774815,0.24813233724653147,0.18746769110192102,351.314453125,13.06128740310669,0.03582118796691569,0.1455428548553298,0.22546836417178323,0.7775822,0.33332705980258953,5.440279483795166,6.90189,67004.97971735976,0.996449081460014,1.053512438632254,1.6589252,220,4.855506270010673
SMA09834_20230604_180000.wav,2023/Ustou_Col_dEscots/SM9834_572L_Rouge/Data/,4020.5333333333333,0.0018337732,9.490352e-06,0.0056181712844899975,3.5856613315823838,44.1106653213501,-39.318893,0.43801355361938477,0.01081572,0.991808572001816,0.042666666666666665,80,4.001605212688446,0.042666666666666665,0.04338983050847457,0.9838580576307363,0.00011992014,4.0723998e-09,1.587512662295199,7.790374128806873,26,42.75342618621942,-50.24657394154605,-52.58086561559294,2.334291674046888,0.922468389257272,0.0008545349498818577,0.2215782542298954,0.17805181844766882,0.18212072967503534,8.411557464246883,1.8554005358718622,311.74414,0.048197284,1.1012758,0.0098621305,0.010860926,2520.653,0.024072442,2.074945634239096,0.22573759671826857,0.14796814711435843,0.1516928075926208,0.22732123799359658,0.15124420524279616,283.431640625,6.824203729629517,0.00676819303628602,0.13174598731538073,0.042558416477576085,0.72564733,0.33331545317923883,4.9166035652160645,6.7521114,61766.36812705293,0.994925900362432,0.8078001936984222,1.2596501,67,0.824189567769477
SMA09834_20230604_190000.wav,2023/Ustou_Col_dEscots/SM9834_572L_Rouge/Data/,4795.55,0.001717532,1.6958847e-05,-0.015714098658258853,10.968729391513435,46.011037826538086,-38.25101,1.334707260131836,0.012230651,0.9598674032854907,0.0896,168,6.720364689826965,0.0896,0.054857142857142854,1.6342049092849518,0.00016724793,5.190529e-09,1.0052357339223226,6.909909595909039,17,45.299158407853064,-47.70084144622469,-51.27896659683681,3.5781251506121166,0.9493605137869854,0.032773088031247566,0.3045445593325129,0.21405662555627014,0.1863809527049649,6.3276693966640005,1.7727814505157156,331.67307,0.29516757,1.8375539,0.012301544,0.022604749,2543.4835,0.0586431,2.070430287522324,0.24112399681433577,0.14733601510549213,0.1606404368043909,0.23159018143009605,0.15893684965314836,297.84765625,10.8644700050354,0.013970992862860191,0.13502721720375216,0.09065659620261612,0.73631305,0.3333248716116941,5.290672779083252,6.920558,68364.10097938003,0.9962875812780112,0.9953824121703013,1.4307405,162,2.022953908751334
SMA09834_20230604_200000.wav,2023/Ustou_Col_dEscots/SM9834_572L_Rouge/Data/,5187.983333333334,0.0018624717,1.8832887e-05,-0.004018033980712691,7.0213253064808825,46.50397777557373,-38.33543,1.79628324508667,0.012112355,0.9630557181592679,0.1744,327,5.965645909309387,0.1744,0.07867669172932332,2.2178495197438632,0.00017109072,7.3986275e-09,1.1186932965423761,5.221325526086256,24,45.735887232012075,-47.264112534705845,-52.006179966617665,4.742067431911821,0.9326892799796819,0.05967901849581414,0.2903296442190161,0.18442056344659286,0.19184138113525584,9.644635796872818,2.2720932625648556,335.66815,0.48115918,2.854747,0.009800317,0.027977426,2541.78375,0.066334486,2.069118363702593,0.24468668610505925,0.13868319513997207,0.17481942750419271,0.23425827107790823,0.17032625733724654,319.19140625,12.434070110321045,0.027128009938633936,0.14523414412211824,0.1580461867658836,0.7610836,0.3333230992090345,5.195585250854492,6.816288,63525.38632219037,0.9957475839182734,0.9259746066721917,1.5130103,217,9.317260872465315
SMA09834_20230604_210000.wav,2023/Ustou_Col_dEscots/SM9834_572L_Rouge/Data/,4429.333333333333,0.0016351886,1.4441532e-05,-0.00154188126700242,10.814142948953423,45.354461669921875,-39.419197,1.6990056037902832,0.010691539,0.9561933529969372,0.14186666666666667,266,6.3701701164245605,0.14186666666666667,0.072135593220339,1.9677161152614726,0.00013823688,9.1464045e-09,1.7251925121602243,6.064388204486314,21,44.60378155612767,-48.39621838603533,-53.17883872231356,4.782620336278228,0.8811482961813759,0.07921039887479475,0.4255106836289201,0.274212158607662,0.21640678627332977,32.46509346027359,4.633607747963581,326.1668,0.4166178,2.4282844,0.008450873,0.020521123,2529.8245,0.048068132,2.062760085580129,0.266000425581111,0.14176996962482555,0.1706505374294862,0.25240128068303097,0.16703908751334046,313.03125,11.473561525344849,0.021073739327641408,0.1401383253455418,0.12014768878470368,0.7437942,0.33330768218244583,4.736155033111572,6.49351,51120.664575309616,0.9932652339339256,0.6970695317688276,1.4167653,138,6.04530749733191
SMA09834_20230604_220000.wav,2023/Ustou_Col_dEscots/SM9834_572L_Rouge/Data/,4599.466666666666,0.0011196376,1.4557508e-05,-0.0413428980043112,12.535881335785064,45.01021862030029,-40.518402,2.330967426300049,0.0094206305,0.9384423398639803,0.17226666666666668,323,7.185709476470947,0.17226666666666668,0.08987826086956523,1.9176894343649946,0.00014024279,8.70283e-09,1.475307510477629,5.207915617756686,24,44.621426484936194,-48.37857368694151,-54.02159694369152,5.643023256750013,0.8913865380423395,0.0962951038996872,0.430725138997442,0.24747111550334577,0.19248559098151663,10.642922482903133,2.33847390448952,334.48535,0.4485691,2.6269276,0.007938672,0.020854317,2552.0825,0.05031786,2.0302016251406405,0.3298123913471761,0.15090715048025613,0.17249676017685625,0.24119530416221985,0.169815568303095,318.234375,13.79220724105835,0.024372373599252935,0.16487659059458104,0.12676281783902832,0.7515715,0.3333133062393851,4.859906196594238,6.5577416,52572.27412892933,0.9939867993816733,0.7348746098857928,1.5118488,114,7.213847385272146
SMA09834_20230604_230000.wav,2023/Ustou_Col_dEscots/SM9834_572L_Rouge/Data/,2919.3,0.0020149646,5.3794206e-06,0.02378495915764676,3.3636590354466804,42.770090103149414,-40.964455,0.24883174896240234,0.008949061,0.9941608803580164,0.016533333333333334,31,3.6061254143714905,0.016533333333333334,0.03420689655172414,0.48359124866595515,8.6590204e-05,2.946984e-09,2.1004507304595736,8.747092108846475,25,40.28172042659523,-52.71827904800604,-54.90637474120983,2.188095693203792,0.8929929324381318,0.0002761403962801001,0.02050253154338355,0.016603660167611833,0.18091806225944762,8.434213947804206,1.8154591505881303,315.30664,-0.13675676,0.7593913,0.0065199425,0.004951188,2521.62725,0.013566086,2.0728112347189285,0.23368345078347783,0.1443395451933339,0.15584144877267875,0.22198505869797225,0.15441151947705442,289.3671875,6.6153013706207275,0.004335645677694771,0.11107552083333336,0.03147888998264817,0.73214537,0.3333031192499523,4.654294967651367,6.5673556,55746.40801833931,0.993183025624603,0.7529437197339109,1.2626727,29,0.10245047358591249
SMA09834_20230605_000000.wav,2023/Ustou_Col_dEscots/SM9834_572L_Rouge/Data/,3166.0333333333333,0.0013708954,4.218616e-06,-0.021548248289704475,3.2123358049554143,40.87244987487793,-42.51442,0.24959087371826172,0.0074865073,0.9947207067159609,0.011733333333333333,22,3.638072907924652,0.011733333333333333,0.032,0.3668623265741729,7.428536e-05,2.6784877e-09,2.2272116121441154,9.354021006303533,20,39.22914366084114,-53.77085597106156,-55.794746991657235,2.023891020595677,0.8734670159367068,0.0003066027697985474,0.018468426078846245,0.01523660257448034,0.1826513654678641,4.765382300984572,1.49196251378971,315.03735,-0.23680441,0.61707056,0.005589138,0.0034488924,2522.2265,0.010457613,2.075394299106037,0.22401190048630362,0.13871603316640668,0.1547098928952584,0.2305229455709712,0.15269393676627535,286.1484375,6.598031520843506,0.004349194570437567,0.10986598122979174,0.03102267418579819,0.73326415,0.3332901609974215,4.475849151611328,6.444913,51216.62149389336,0.9919280726462603,0.6735638545857958,1.2615938,50,0.1928111659551761
SMA09834_20230605_010000.wav,2023/Ustou_Col_dEscots/SM9834_572L_Rouge/Data/,3158.45,0.0008707662,4.460043e-06,-0.03068648930934112,3.143663469465071,40.1958703994751,-42.996582,0.22716903686523438,0.0070822467,0.9945057733821072,0.0112,21,3.5244399309158325,0.0112,0.032,0.35018676627534684,7.116993e-05,3.631213e-09,2.698230141987095,11.855420201832198,24,39.48608047418991,-53.51391931988036,-55.471550321373414,1.9576310014930556,0.8273184908286539,0.0003523744387263772,0.02680410310326664,0.02101094074654275,0.18102525444412843,5.990166076427301,1.620458091236877,313.32245,-0.40009576,0.4284737,0.006586211,0.0028220182,2528.0675,0.010830758,2.0752495119119825,0.22455626888343314,0.14020195386257286,0.1523931811251715,0.2289220917822839,0.1508721318036286,282.734375,6.494647264480591,0.003959403348452508,0.10679680631868133,0.028317966247330486,0.73595726,0.33324184076627716,4.100320339202881,6.155098,42516.684597891675,0.9881258308887482,0.548333600448014,1.2558626,64,0.18926760939167558
SMA09834_20230605_020000.wav,2023/Ustou_Col_dEscots/SM9834_572L_Rouge/Data/,2900.9,0.0012332385,3.721896e-06,-0.021183329123601366,3.2355612426213494,40.21621227264404,-43.204693,0.2284374237060547,0.0069145765,0.9933191161326442,0.0144,27,4.090136885643005,0.0144,0.03456,0.416889007470651,6.686807e-05,2.7625746e-09,2.145073155676383,7.8076983702544505,23,38.68643252932431,-54.31356732258599,-56.445775303290226,2.132207980704237,0.8511430563608445,0.00040455101695813234,0.043550675782103476,0.03631187853030016,0.18192992711695455,11.345508327731425,2.0532171870335922,313.10626,-0.35347086,0.47768235,0.00538457,0.002572114,2523.78,0.009001498,2.073295895078747,0.23206382761807642,0.1453164764797636,0.1513366652690959,0.22998932764140875,0.15060011172625398,282.224609375,6.600934863090515,0.004409643476520812,0.1091555582570557,0.03144630314001602,0.7294632,0.33328891431544133,4.461615085601807,6.3052664,45657.23387237516,0.9911646042019129,0.5849540668309345,1.2598028,72,0.2619105189434365
SMA09834_20230605_030000.wav,2023/Ustou_Col_dEscots/SM9834_572L_Rouge/Data/,2118.6833333333334,0.0016782659,5.9640206e-06,-0.007056362411816986,3.1920317063631414,42.45584487915039,-41.278275,0.21357345581054688,0.008631503,0.9950437077961267,0.0112,21,3.3688852190971375,0.0112,0.032,0.35018676627534684,7.2616705e-05,6.3490555e-09,3.0490135519287165,13.310413681655044,24,40.74559792247081,-52.25440154250984,-54.04743328955494,1.7930317470450987,0.7598879152620325,0.0005554569288499511,0.040760634802406326,0.031287617724643946,0.1878191322978563,12.842995356744813,2.390716041771979,313.10443,-0.6079358,0.24383076,0.009822252,0.0023949672,2520.204,0.014089384,2.0743432009781246,0.22826249675899443,0.1348165175272966,0.15317335912486657,0.22732123799359658,0.1508637940234792,282.71875,6.556654572486877,0.004175143409818571,0.10942924398926238,0.03014282943473038,0.7317489,0.3331590552309838,3.778122901916504,5.731581,30652.814892994666,0.982484545558691,0.3686602095171962,1.2594645,51,0.24711095917822837
SMA09834_20230605_040000.wav,2023/Ustou_Col_dEscots/SM9834_572L_Rouge/Data/,2216.7,0.0015390352,3.6701497e-06,-0.02441329306104759,3.175781364974073,40.830092430114746,-42.93844,0.1933155059814453,0.007129815,0.9953234311605562,0.008,15,3.646836280822754,0.008,0.04363636363636363,0.18343116328708645,6.225891e-05,3.2874998e-09,2.2847559672568623,8.126798752263872,21,38.64405569864539,-54.355944109566494,-56.45542116642575,2.099477056859257,0.8161517719632324,0.000452822162687494,0.04087217395467413,0.03328454347175869,0.18243362159580168,9.775006861459369,1.9662342330382503,313.16522,-0.48532614,0.3465056,0.005776985,0.0020017577,2531.2125,0.008795791,2.0732611561281735,0.23239815653744172,0.14158115097282656,0.15103174073791736,0.23692636072572038,0.14985596484791888,280.830078125,6.529369950294495,0.004158467849519744,0.09940890649101858,0.029621439952616124,0.7303152,0.3332696430152282,4.281432628631592,6.085942,38192.56688158654,0.989108107984066,0.4621166160764532,1.2570256,68,0.22762139807897547
SMA09834_20230605_050000.wav,2023/Ustou_Col_dEscots/SM9834_572L_Rouge/Data/,2632.1833333333334,0.0013212949,2.846215e-06,-0.020971940153388945,3.3188882400071926,39.640653133392334,-44.278492,0.3160514831542969,0.0061104824,0.9925727653507371,0.024533333333333334,46,3.955518901348114,0.024533333333333334,0.0368,0.6670224119530416,5.8980302e-05,2.0639064e-09,2.4480896300621287,11.66960071130204,20,37.529820844944396,-55.47017892488178,-57.95460502764659,2.4844261027648145,0.8525731112119522,0.011943229453877047,0.44584634877744,0.3200546720810975,0.18553848320645538,6.329241094865905,1.7331961360905896,317.8482,-0.3240477,0.51051956,0.0040505724,0.0020678965,2544.106,0.0071444707,2.0716212725607477,0.238944475657393,0.13813315819719235,0.15761858705595366,0.2209178228388474,0.15517025747065102,290.7890625,8.356744050979614,0.010469125200106724,0.11981651780702672,0.06680302739588895,0.7408272,0.33325182980236906,4.158125877380371,6.313537,46573.79973303843,0.9899013452231884,0.6163459947736182,1.3091984,145,3.3843049626467447
SMA09834_20230605_060000.wav,2023/Ustou_Col_dEscots/SM9834_572L_Rouge/Data/,7351.933333333333,0.0014444981,0.00010427095,-0.08617211971661379,13.944302906903724,53.288283348083496,-34.43871,3.9949240684509277,0.018969884,0.9026748263243397,0.33386666666666664,626,7.835490703582764,0.33386666666666664,0.08312033195020747,4.018810032017075,0.00035970646,7.427217e-08,1.3134347440333918,4.434404718497586,20,53.18177641415961,-39.81822332295239,-53.329728037492515,13.511504714540123,0.8743189033339807,0.09581473570189503,0.2991635763220897,0.1833257926075269,0.23432877540121133,13.330926184723033,2.8675153697619833,409.3507,0.9446784,35.152275,0.0054380856,0.19116108,2383.841,0.45312467,2.0225386325205057,0.352271484709633,0.14269764387160333,0.2935255946028358,0.371931696905016,0.27466523812700105,514.72265625,20.039939880371094,0.1176961045891142,0.18302035249221016,0.5571046616390818,0.8411943,0.33331140883092303,4.8146467208862305,6.4510484,46097.83253901605,0.9935492197982967,0.5533583403306167,2.7111712,41,3.7077066101921026
SMA09834_20230605_070000.wav,2023/Ustou_Col_dEscots/SM9834_572L_Rouge/Data/,3917.0,0.0015447945,1.0170081e-05,-0.024650323615057056,16.014456147997837,44.009270668029785,-41.5056,2.020514965057373,0.008408533,0.9363259709843594,0.15466666666666667,290,6.950622797012329,0.15466666666666665,0.07733333333333332,2.0010672358591246,0.00012495622,4.1386157e-09,0.7356828583883435,4.183970837168027,20,43.048958206602805,-49.95104175300455,-55.96433372423972,6.013291971235169,0.9337629867782018,0.048270547178524414,0.18236240051784092,0.11577758826373818,0.20108449765828973,7.775640548542308,2.1352320416285275,379.43573,0.3741372,2.1955886,0.0061710016,0.0135489805,2572.3495,0.041495595,2.0450925245398635,0.29976496552801224,0.14749199573105656,0.2242839037963104,0.26254002134471716,0.2146926277347919,402.333984375,16.679039001464844,0.06504302294557097,0.15835907208182307,0.3744228218432995,0.79537195,0.3333246110038696,5.275506019592285,6.823108,62243.72863805049,0.9959915275685489,0.9887990986108908,2.0592723,172,7.326615861792956
SMA09834_20230605_080000.wav,2023/Ustou_Col_dEscots/SM9834_572L_Rouge/Data/,3843.8166666666666,0.0015576633,6.7454025e-06,-0.03174607681317896,6.553880385385565,42.64510631561279,-42.425682,1.6164608001708984,0.0075633833,0.9629898525129501,0.18293333333333334,343,5.5500346422195435,0.18293333333333334,0.06946835443037976,2.6347385272145143,0.000103382496,2.4345408e-09,0.44251640400806525,3.7170127825466768,22,41.27285908166832,-51.727140889468686,-57.5600841061772,5.8329432167085145,0.9436969340022388,0.03064306514445192,0.2164133978541537,0.11733413744188503,0.20180815958488396,6.0428761327502345,1.873808712520415,381.99515,0.39497083,2.3056257,0.0040866537,0.009422294,2630.70375,0.024499133,2.0526407048429087,0.28139268338813483,0.13309252113947953,0.2310839590638817,0.24226254002134473,0.21884275780416224,410.111328125,15.10640025138855,0.05609554262273213,0.16360927698012018,0.32208835257608115,0.81301993,0.3333269795263429,5.433922290802002,6.885303,64672.46621848322,0.9964353672694415,0.887853269422946,1.955007,147,3.6228696971718253
SMA09834_20230605_090000.wav,2023/Ustou_Col_dEscots/SM9834_572L_Rouge/Data/,4949.1,0.0016789419,0.00019764851,-0.1431637813840281,22.461248621528497,56.041035652160645,-39.62567,12.349396228790283,0.010440384,0.7987275741052591,0.3696,693,16.55074715614319,0.36960000000000004,0.17883870967741936,2.067769477054429,0.00046415615,1.7143316e-07,1.1021647421109564,3.481209496750294,23,55.96839607888239,-37.03160373388701,-55.93313188175824,18.901528147871232,0.8549854545280545,0.10551872005784779,0.21830597044480493,0.09194343667959015,0.1969259629989032,8.336126647108282,2.149228773504726,459.99286,0.95933634,48.184013,0.0075975927,0.36608252,2690.2615,1.1651827,1.9343938911657017,0.42865711249013305,0.15219604301781464,0.2942557459216344,0.2870864461045891,0.2764974653148346,518.15625,27.989375591278076,0.15644489561099253,0.25890109902795805,0.5806649488621196,0.8388874,0.3333111403529377,4.808561325073242,6.3303046,37000.55842003062,0.9932783432304859,0.4240500221827705,5.829815,16,10.97720867796158
SMA09834_20230605_100000.wav,2023/Ustou_Col_dEscots/SM9834_572L_Rouge/Data/,3173.633333333333,0.0007149421,8.707472e-06,-0.08731323620911731,65.80353893170809,42.66725540161133,-43.835262,2.434634208679199,0.0064303842,0.8638075147593355,0.08533333333333333,160,9.813095927238464,0.08533333333333333,0.064,1.3340448239060831,9.6515665e-05,7.780842e-09,2.505938586023757,11.739501333491578,16,42.42167389534629,-50.57832581667042,-56.77689196481001,6.198566148139591,0.817990763339725,0.2049612638014875,0.5925523585561795,0.3612932664491074,0.20107193357456377,8.017595546046836,2.16246071786044,352.88644,0.32152417,1.9477837,0.005805299,0.011307467,2559.3835,0.034374654,1.5501154046229262,0.6314227126277775,0.1450291437484607,0.18210426513187986,0.24332977588046958,0.17749153715314833,332.619140625,19.325941801071167,0.03635167922892209,0.16655168533465942,0.2011585795682061,0.7604968,0.33321752812480554,3.982494354248047,6.0965056,38098.25372783798,0.9873454580083489,0.685574724700875,1.7796023,207,10.90175176760939
SMA09834_20230605_110000.wav,2023/Ustou_Col_dEscots/SM9834_572L_Rouge/Data/,2668.633333333333,0.0013969755,6.061685e-06,0.04116917002088548,4.169798915047025,42.05867290496826,-42.394257,0.6696414947509766,0.0075907977,0.9837486668895741,0.0896,168,4.2426905035972595,0.0896,0.0463448275862069,1.9343649946638206,7.596047e-05,5.971817e-09,5.1933690297439705,34.98751415234582,16,40.790050031658865,-52.209949798880686,-56.60778522518267,4.397835426301981,0.7358567412386054,0.11003800844094691,0.4361723581431054,0.2666924045416379,0.2116878006715852,13.104131228596339,2.757437956032286,345.20578,-0.48511606,0.3466961,0.008856706,0.0030705857,2426.6015,0.01541239,2.0641456608965534,0.26242852529432137,0.16121008127411546,0.1886434669919195,0.25987193169690503,0.18528110825773747,347.216796875,15.374184846878052,0.04074985825773746,0.1629315592975692,0.22335021940069405,0.75747836,0.33269490806075436,3.1289467811584473,5.5745134,35970.884551336734,0.9686620086431503,0.6605948541337204,1.6922901,279,8.67848269076841
SMA09834_20230605_120000.wav,2023/Ustou_Col_dEscots/SM9834_572L_Rouge/Data/,2622.483333333333,0.0013552634,5.7520974e-05,-0.06723422645217535,15.902856470120533,50.755372047424316,-36.706444,4.213067054748535,0.014610931,0.8713474545676005,0.24693333333333334,463,9.024330377578735,0.24693333333333334,0.10433802816901408,2.3679295624332974,0.00024440358,5.2769174e-08,2.3152517712604763,10.623716766833164,22,50.6043130552125,-42.39568681675032,-49.92613015445255,7.530443337702231,0.818803438692602,0.09833436453512767,0.27396994368386474,0.1354103536704806,0.2016520168143049,9.659044302962046,2.3936253238382625,412.47403,0.06963694,1.1496984,0.050673988,0.058259804,2681.63575,0.25204107,1.8747556967253505,0.4741618858319184,0.20555783597405794,0.2476094393200183,0.256136606189968,0.24245222451974385,454.35546875,22.814836502075195,0.10860583978121666,0.23758181325903024,0.44526661772557397,0.80569035,0.3332314682484139,4.046624660491943,6.101784,35814.625564894595,0.9877491546794772,0.7346200457578203,3.2411914,39,10.568761672892208
SMA09834_20230605_130000.wav,2023/Ustou_Col_dEscots/SM9834_572L_Rouge/Data/,3623.7666666666664,0.0013670006,3.6622238e-05,-0.008879353769270376,5.154874384313513,48.87418270111084,-35.90881,1.294630527496338,0.016016204,0.9642343399264233,0.1808,339,5.142788290977478,0.18080000000000002,0.06998709677419354,2.584711846318036,0.0001994998,3.140685e-08,2.7459939484219436,12.24937266578971,19,48.61792731824088,-44.38207261199915,-50.06728205829498,5.685209446295829,0.8177668037099347,0.041465174825834894,0.3406755119109409,0.1838850505418671,0.2034254204252508,7.442780762979866,2.1283032489808615,391.0907,-0.19789127,0.6696006,0.04136028,0.02769487,2636.93025,0.11283677,1.9623124994260897,0.40257634184866353,0.18005089894097365,0.2574956643543223,0.27748132337246534,0.2479457794156884,464.650390625,18.026846647262573,0.09786052561366061,0.20761718650324995,0.4787984787940469,0.8238248,0.3332320299717442,4.049389362335205,6.0950265,39793.76697856435,0.9871667791157961,0.8755000311231325,2.3844965,51,5.69480806430096
SMA09834_20230605_140000.wav,2023/Ustou_Col_dEscots/SM9834_572L_Rouge/Data/,2574.483333333333,0.0009931695,7.0913507e-06,-0.02602980308471462,23.872517931584213,42.09350109100342,-44.125385,2.5641345977783203,0.0062191472,0.9079505317242186,0.1168,219,8.995481133460999,0.1168,0.11303225806451613,1.0338847385272145,9.294674e-05,5.1515654e-09,1.2702162707971405,4.9375385185749385,21,41.488550607756494,-51.511449088399075,-57.10382193660331,5.592372848204235,0.8742740349712889,0.11730586211056782,0.45056645449981125,0.24751962097502522,0.18512578075994301,9.31765138888288,2.010264196493054,338.15866,0.24380727,1.6448284,0.0053186812,0.008748318,2595.2495,0.024825793,1.5589054744097137,0.6362704584851777,0.1429110910434283,0.15930400975758502,0.24279615795090714,0.15730056029882605,294.78125,19.043071269989014,0.032729955976520814,0.18435911745475453,0.1575573841264015,0.71871763,0.3333071855910627,4.72656774520874,6.450671,44498.692549459905,0.9933583848178387,0.694198240812011,1.7319288,150,12.195254135538953
SMA09834_20230605_150000.wav,2023/Ustou_Col_dEscots/SM9834_572L_Rouge/Data/,2625.0166666666664,0.0017084336,3.443335e-05,-0.10298209060028414,48.90685085321986,48.74374866485596,-37.593224,2.1622414588928223,0.013192858,0.9049522212076867,0.22346666666666667,419,6.436317563056946,0.22346666666666665,0.06704,3.335112059765208,0.00017586263,3.614404e-08,3.4302944517010956,18.0611439662441,18,48.35809331460383,-44.641906427166525,-51.830651264061345,7.18874483689482,0.7589671583676799,0.138097291232115,0.6461027117249536,0.3637866507759241,0.22590946610057017,26.587486891800484,4.122651613640758,391.18158,-0.16197509,0.7212073,0.037704747,0.02719294,2596.16475,0.12355378,1.4966973163622268,0.647423157011836,0.20337410721615629,0.22424102378411348,0.25880469583778015,0.22179224753201707,415.638671875,20.724406242370605,0.07822922225186765,0.17867517532140587,0.4427574308428991,0.79603595,0.3330448927008547,3.5262045860290527,5.7241673,31031.21047096532,0.9792638309299946,0.8087261407830375,2.3226037,154,4.6123557564034146
SMA09834_20230605_160000.wav,2023/Ustou_Col_dEscots/SM9834_572L_Rouge/Data/,5477.2,0.0017479226,2.1146327e-05,-0.0024568037380569346,3.380882326643178,46.85903072357178,-36.23008,0.4425926208496094,0.015434626,0.9912593752582629,0.04,75,4.213156700134277,0.04,0.03529411764705883,1.1339381003201707,0.00019131567,4.6342064e-09,0.1452680488014533,5.02180971807976,25,46.245453773914164,-46.7545457769029,-48.983278802448915,2.2287330255460134,0.9667620241482192,0.0031731902265422773,0.5435492176128964,0.35472327451333596,0.18576173479925495,8.189153754209581,2.0201108719982233,313.19617,0.2807611,1.7807173,0.017062336,0.030383196,2487.14325,0.055814963,2.075824326579321,0.22242035135010418,0.14498809621541744,0.147670424226254,0.23585912486659552,0.1473504619130203,276.134765625,7.025406360626221,0.004994330309498399,0.11545321085164838,0.03372738212426589,0.7164262,0.3333293870346097,5.672060012817383,7.029538,73202.09204065752,0.9971283841878176,0.9189524150628258,1.2663658,118,1.037740961846318
SMA09834_20230605_170000.wav,2023/Ustou_Col_dEscots/SM9834_572L_Rouge/Data/,5142.683333333333,0.0013311859,8.271483e-05,-0.01794180910652577,4.280827527032146,52.28849411010742,-31.23238,0.8211483955383301,0.027439805,0.9825781438762408,0.104,195,4.508780837059021,0.10400000000000001,0.05333333333333334,1.9510405549626466,0.00035555224,3.5087677e-08,0.785340963019791,4.039119518759889,18,52.17456129947252,-40.82543827828499,-44.123849920552196,3.2984116422672045,0.9303967894620475,0.011010455955009602,0.313853001484625,0.19907569891175747,0.19179558858009038,7.380584654394604,1.9855929719849357,317.78217,0.29867643,1.8517507,0.065034226,0.12042718,2536.1435,0.23158416,2.070691769422442,0.24166545553903002,0.1482883178720959,0.15354855923159016,0.2225186766275347,0.1529138457177161,286.560546875,8.401347994804382,0.009878185032017076,0.13197684358447712,0.061817240473171386,0.723595,0.3333238246856733,5.232348442077637,6.8020573,61605.10201895103,0.995890274643898,0.7148146563934589,1.3074683,168,3.1183297758804693
SMA09834_20230605_180000.wav,2023/Ustou_Col_dEscots/SM9834_572L_Rouge/Data/,5081.416666666667,0.0014126425,4.8864273e-05,-0.011100109827380442,3.922343945379833,50.08435249328613,-33.07987,0.5914101600646973,0.022182303,0.987669729169698,0.0608,114,4.516016840934753,0.0608,0.03880851063829788,1.5675026680896478,0.00028312122,1.4984462e-08,0.40949865558622967,3.671623039888581,18,49.87642612841122,-43.12357375896114,-45.50259610511542,2.3790223461542794,0.9518533449836915,0.0067779044262349375,0.2107796552521768,0.15833172757017333,0.18536981005461428,8.274797909208406,1.9621000348087683,318.78012,0.14327475,1.3344707,0.047199596,0.06298648,2506.6155,0.13622218,2.0757720336972842,0.2227039702222159,0.1461620556604548,0.14834578441835647,0.21878335112059766,0.14805708878068302,277.458984375,7.985737323760986,0.005954217249199572,0.11730735254329006,0.04187409278230113,0.71320385,0.33332813121281407,5.533915996551514,6.9363174,68103.95437500918,0.9966979625169188,0.8768525124494668,1.3087009,136,1.2036627868196372
SMA09834_20230605_190000.wav,2023/Ustou_Col_dEscots/SM9834_572L_Rouge/Data/,4217.766666666666,0.0012655639,3.7338465e-05,-0.000332055468222145,4.139224894256469,48.924570083618164,-34.819473,0.585390567779541,0.018156257,0.9864903481443719,0.06453333333333333,121,4.447274804115295,0.06453333333333333,0.05611594202898551,1.1506136606189967,0.00021582887,2.6469902e-08,3.2672522118278358,17.52411305757905,20,48.729020740747316,-44.270979119295184,-47.48323847020335,3.2122593509081625,0.8445357886616303,0.000963105973447953,0.22573691497572512,0.1775043549194858,0.18703822025260208,7.823606340033483,1.9334926700575399,308.5461,-0.27489573,0.56875575,0.05006002,0.028471924,2528.225,0.087016836,2.0664163340131387,0.2551651962714736,0.16758886790903865,0.14588733038572954,0.22198505869797225,0.148646986726254,278.564453125,7.024741768836975,0.0077718533217716115,0.11446405497606922,0.04611038232447945,0.7081563,0.33321023981746595,3.951977014541626,6.2622137,48361.12330540598,0.9875761941075325,0.6687947287422068,1.2588412,100,1.6705784751867663
SMA09834_20230605_200000.wav,2023/Ustou_Col_dEscots/SM9834_572L_Rouge/Data/,4443.033333333333,0.0021131379,2.0901145e-05,-0.011603530832587028,4.688607020895395,47.06320285797119,-36.645782,0.6485228538513184,0.014713328,0.9848806575507387,0.06773333333333334,127,4.813014566898346,0.06773333333333334,0.05644444444444444,1.200640341515475,0.00017750303,9.35873e-09,1.0515168005401967,4.666778715507893,21,46.20632680899065,-46.79367314872104,-49.82538090572592,3.031707757004881,0.9240160038048362,0.04364487481406076,0.45341546751029427,0.36147924314487057,0.20632740787891413,72.29926254454223,6.4559129501992105,312.59222,0.18299112,1.4479538,0.018190082,0.026338398,2528.729,0.054625027,2.0712811529450685,0.23902884626328583,0.14106395205648142,0.1523336255526757,0.2225186766275347,0.1509065251467449,282.798828125,9.200602173805237,0.01092770310832444,0.11453104120832006,0.06595576948745328,0.71457535,0.3333219680049903,5.143165588378906,6.762058,60503.705437268625,0.9955038274638355,0.8014513141518775,1.2959809,123,2.6144151881003204
SMA09834_20230605_210000.wav,2023/Ustou_Col_dEscots/SM9834_572L_Rouge/Data/,4962.016666666666,0.0015074686,1.7945058e-05,-0.089888686485458,34.72051807176026,46.07787609100342,-39.06926,1.7783503532409668,0.011131072,0.9221072799480713,0.072,135,8.785299062728882,0.07200000000000001,0.057600000000000005,1.250667022411953,0.0001536934,1.1716543e-08,4.252969492507774,27.753443668536498,24,45.57514425838802,-47.424855479786686,-52.00003119549335,4.5751757157066635,0.8484936062967526,0.16291928291341395,0.6173199475627204,0.4426075345488949,0.19225436112003613,17.05404557026588,2.953378675535392,322.6788,0.49443212,2.9559472,0.009319381,0.027547598,2479.67425,0.06389503,2.0289240530897352,0.3275641534573497,0.13516131680486002,0.15478374180515322,0.2417289220917823,0.15233853888740662,285.482421875,12.642664909362793,0.010113727321237994,0.13251481331410464,0.05911253253470369,0.7324288,0.3331499545602128,3.7526721954345703,6.2857885,52009.938507943385,0.9854069352149963,0.8063967314900341,1.3691489,108,2.759075673692636
SMA09834_20230605_220000.wav,2023/Ustou_Col_dEscots/SM9834_572L_Rouge/Data/,2882.3166666666666,0.0017639988,2.782716e-05,-0.024827060626415175,5.225308525189951,47.92564392089844,-36.977787,1.03745698928833,0.014161545,0.9765697543415295,0.12053333333333334,226,4.933837354183197,0.12053333333333334,0.06181196581196581,1.9510405549626466,0.0001462157,3.291876e-08,5.342623406251234,35.905599667642306,25,47.4405207763851,-45.55947932517458,-49.46127617404053,3.901796848865949,0.6739153168303889,0.07528684516560813,0.6716812247362877,0.5075106285131497,0.1798096170468817,4.276576951983784,1.3909980106763273,314.74435,-0.5622754,0.28018406,0.042213243,0.011827477,2510.7525,0.06743407,2.0475365191217847,0.30138021742220805,0.17228470568918805,0.1534032436347004,0.211846318036286,0.15580184431696903,291.97265625,9.46406364440918,0.009103813700640341,0.13187161018295646,0.05754836408836093,0.72194624,0.33235516608692706,2.9156088829040527,5.1830106,27153.640378746724,0.9588349387049675,0.4680140130252795,1.2888422,68,1.886735425560299
SMA09834_20230605_230000.wav,2023/Ustou_Col_dEscots/SM9834_572L_Rouge/Data/,3251.2,0.0015685719,9.561057e-06,0.00894357125568447,3.205095869980853,43.820176124572754,-39.510212,0.20056486129760742,0.010580093,0.994981132268549,0.0096,18,3.4522393345832825,0.009600000000000001,0.033882352941176475,0.2834845250800427,0.00010787991,7.044896e-09,2.277360944798659,8.369008909398655,23,42.80715821226727,-50.19284147864373,-52.37831415584765,2.1854726772039186,0.8505739848783229,0.00027114144267703644,0.01761001201482404,0.014143237691115251,0.17953263245969875,4.815221005743704,1.4304233053800426,312.16965,-0.34878394,0.4828172,0.013562682,0.006548296,2524.3705,0.02357889,2.073727377534097,0.23040816400703507,0.14795993760774978,0.15238007889922245,0.24599786552828176,0.15182993429829242,284.529296875,6.433210968971252,0.004198072305229456,0.11085549355158732,0.030696805759476777,0.72601736,0.3332870400821169,4.440950870513916,6.3015957,46316.8575160811,0.9909247681498528,0.606028112540722,1.2534559,42,0.15456159951974385
SMA09834_20230606_000000.wav,2023/Ustou_Col_dEscots/SM9834_572L_Rouge/Data/,2913.483333333333,0.0018967118,6.395708e-06,0.0005252804312619558,3.331679526219306,43.01765441894531,-40.51949,0.22375011444091797,0.009419451,0.9941953000617598,0.0144,27,3.8367897272109985,0.0144,0.036000000000000004,0.40021344717182494,9.029374e-05,4.307136e-09,2.2725888932959064,8.810779978838674,23,41.047913072292,-51.95208678300699,-54.125264762092556,2.1731779790855654,0.8642110625407379,0.00038002490084321217,0.02845930350642356,0.022438532543461176,0.17909946506398866,5.117077115811434,1.4864824004058494,314.41254,-0.28563547,0.5556509,0.008601582,0.0047794767,2541.74,0.015655685,2.075214088990648,0.2245972432552515,0.14965109596913226,0.15612135996340903,0.22625400213447172,0.15528594417022412,291.005859375,6.685262322425842,0.005505019343649947,0.11698018842403043,0.03747486902696209,0.73552674,0.33329037070507184,4.478283882141113,6.386981,49426.9118602805,0.9915478229522705,0.6662941191769269,1.2655604,64,0.32736209311632875
SMA09834_20230606_010000.wav,2023/Ustou_Col_dEscots/SM9834_572L_Rouge/Data/,3098.6666666666665,0.0012884873,6.0652565e-06,0.009978375738255036,3.3556145372468853,41.8998384475708,-41.3887,0.3075990676879883,0.008522466,0.9927163916880489,0.0192,36,4.311010539531708,0.019200000000000002,0.036000000000000004,0.5336179295624333,8.478912e-05,4.6395465e-09,2.377227265144953,9.332082600802178,26,40.822084772143,-52.17791517065449,-54.346038842252824,2.1681236715983374,0.8431203332266626,0.0008080603031036526,0.06583140253410658,0.052766481075259275,0.1843895076810378,11.342898661343101,2.2561101076753527,318.3331,-0.36687914,0.46318716,0.0087120505,0.00403531,2525.70575,0.015059917,2.0734616741612335,0.23172613324637972,0.14806666119366227,0.1599460188290898,0.23959445037353255,0.1584657650747065,296.96484375,6.9300490617752075,0.005402881536819637,0.1164127356150794,0.03809401903697277,0.74354416,0.3332747752525999,4.323439598083496,6.254697,44817.887761491766,0.9901367416605353,0.5869415794629509,1.2794986,71,0.3254860925827108
SMA09834_20230606_020000.wav,2023/Ustou_Col_dEscots/SM9834_572L_Rouge/Data/,2632.0166666666664,0.001647595,4.5219963e-06,-0.017972876041941966,3.35730465929422,41.61592483520508,-42.122284,0.31946754455566406,0.007832242,0.9939801136418492,0.023466666666666667,44,3.6360615491867065,0.023466666666666667,0.03705263157894737,0.6336712913553895,7.415776e-05,3.3072411e-09,2.049021767098507,7.165953708577365,24,39.54078902904835,-53.45921065662998,-55.674222687960466,2.215012031330488,0.8551360348934767,0.0006523897635589693,0.06125079886072016,0.04822032331654391,0.18383899718845653,12.678917522085495,2.2937680807786753,317.24347,-0.34990546,0.4815852,0.00651664,0.0031383175,2518.793,0.011165265,2.0744241510713204,0.22813602682945894,0.14756588129053444,0.15659184898612594,0.2390608324439701,0.15543498199039488,291.28515625,6.746625900268555,0.00470667689434365,0.11021687837016786,0.03402066370795515,0.73787314,0.3332945059325236,4.528885841369629,6.330404,46233.96229941334,0.9916146788746119,0.5923311703485682,1.2706245,50,0.21699072838847386
SMA09834_20230606_030000.wav,2023/Ustou_Col_dEscots/SM9834_572L_Rouge/Data/,2086.65,0.001832062,3.999414e-06,0.007968658235612198,3.4361275841809125,41.68694019317627,-42.41136,0.3080472946166992,0.007575862,0.9931663154257685,0.0192,36,4.140597283840179,0.019200000000000002,0.033882352941176475,0.5669690501600854,6.504738e-05,3.6089463e-09,3.2419142112702457,16.448673960448275,25,39.035920469341704,-53.964079906958375,-56.416157449971465,2.4520775430130897,0.7978901190374833,0.0007582269843733336,0.11098585690927343,0.095660236792101,0.1818694082262915,7.9449087520931725,1.8410546729520998,317.4853,-0.48767853,0.34437644,0.0061559267,0.002119956,2509.308,0.009977242,2.0706688363720698,0.24358760779083824,0.13978326902553154,0.15718621359963408,0.23479188900747064,0.15500454409018144,290.478515625,6.8559730052948,0.0049536836312700115,0.11257432031816225,0.03571517952482648,0.73840463,0.33314327041928965,3.734771490097046,5.9693627,38895.84914027233,0.9839262496680021,0.5080138569681862,1.2761676,69,0.3809323305763074
SMA09834_20230606_040000.wav,2023/Ustou_Col_dEscots/SM9834_572L_Rouge/Data/,2247.1,0.0012006187,5.2945425e-06,-0.002995928096707665,3.1969748324478764,41.304640769958496,-42.359093,0.25833892822265625,0.007621588,0.9936507854102601,0.0176,33,3.815563917160034,0.0176,0.037714285714285714,0.4669156883671291,6.781242e-05,5.7412506e-09,2.9382494362489497,12.628848454377877,25,40.23781060285833,-52.762189443912355,-55.03783242719506,2.275642983282708,0.7587880671005814,0.0009066334194636205,0.16552342530599795,0.13014942365518045,0.18510688069371573,13.981783948893366,2.4093507351472065,315.51758,-0.6222659,0.23284353,0.008850606,0.0020608064,2525.991,0.012668548,2.069586645237376,0.24685204594072782,0.13924144158936047,0.15533999085226408,0.2321237993596585,0.15337242362593384,287.419921875,6.787809133529663,0.004787970250800427,0.11055619694847638,0.03447687950480513,0.7333846,0.33315840625436977,3.7762646675109863,5.7248816,29674.140614222426,0.9828082919120789,0.34594460659611814,1.2695844,64,0.311207644076841
SMA09834_20230606_050000.wav,2023/Ustou_Col_dEscots/SM9834_572L_Rouge/Data/,2141.9166666666665,0.0013903301,4.4743233e-06,-0.024151621928518326,3.192271912497397,41.087379455566406,-42.684967,0.22701454162597656,0.0073409462,0.9943847349753772,0.016533333333333334,31,3.5160189867019653,0.016533333333333334,0.032,0.5169423692636073,6.395269e-05,4.653266e-09,2.7120018266432138,10.528557874707651,21,39.50940987277092,-53.490589954331526,-55.693639905762524,2.203049951430998,0.7742125413442301,0.007806439130060627,0.31089034038832286,0.24244607361118908,0.1864911205711166,8.581870940262856,1.936606206488258,316.91675,-0.5944977,0.25431356,0.0073562055,0.0018707828,2539.6135,0.010655847,2.069424511273361,0.24706970051804528,0.13808390115754043,0.1565811289830767,0.211846318036286,0.15429062166488794,289.140625,8.05871307849884,0.009850045024012807,0.11943204117505589,0.06344658260477844,0.73501366,0.3332181840960402,3.985334634780884,5.822344,31605.189879611193,0.9852263247594237,0.3773146388658695,1.3033444,151,3.091961546157951
SMA09834_20230606_060000.wav,2023/Ustou_Col_dEscots/SM9834_572L_Rouge/Data/,6785.766666666666,0.0018133761,0.0005849272,-0.10843642058499947,12.923038309877626,60.71597099304199,-30.218414,6.971398830413818,0.030837515,0.8600917685429016,0.37066666666666664,695,10.958547592163086,0.3706666666666667,0.145359477124183,2.551360725720384,0.0008459375,4.2835887e-07,0.8971958334578083,3.454060366787952,24,60.676842660876375,-32.32315730669356,-52.011752263948296,19.688594957254736,0.8825589361021196,0.08645685077430276,0.18463833036292532,0.1067778314966138,0.22342305915583538,17.09334856716365,3.2736330965646587,459.8498,0.9677374,60.991352,0.017927263,1.093408,2566.298,3.0724225,2.0399440864793927,0.3212006561384738,0.13924144158936047,0.32960555153224574,0.33244397011739596,0.30580163587246534,573.072265625,25.3623366355896,0.15941731423425826,0.21816708666142526,0.6611870370061399,0.85839105,0.33331681925240747,4.9563422203063965,6.50282,43333.793554834025,0.9942788975313306,0.5698850284466788,4.6361694,0,0.0
SMA09834_20230606_070000.wav,2023/Ustou_Col_dEscots/SM9834_572L_Rouge/Data/,4016.4333333333334,0.0018092911,1.165434e-05,-0.03368222230424575,8.585951819704691,44.76057529449463,-40.358932,1.775777816772461,0.0095951855,0.9550619950509149,0.17653333333333332,331,6.076217293739319,0.17653333333333335,0.06267455621301775,2.8181696905016005,0.00012997595,5.855365e-09,0.9272266195651294,4.189411069797375,18,43.66234335227038,-49.33765619482861,-55.29863719660972,5.960981001781107,0.9165012027662023,0.06014735796149895,0.23882112927113408,0.17587289954594343,0.23066021949081938,29.127651984807827,4.3092915633273545,395.59723,0.3283409,1.9777011,0.007634616,0.015098988,2587.4635,0.046480514,2.048742570700809,0.29405286262515934,0.15657171004022655,0.25127806258576,0.2710779082177161,0.23941623032283885,448.666015625,15.826209783554077,0.06628118329775881,0.15129838769404141,0.4007855775327016,0.81188124,0.333321113584437,5.106922626495361,6.71509,57031.02331503013,0.9953284026123583,1.023283673958262,2.089549,88,3.038703975453575
SMA09834_20230606_080000.wav,2023/Ustou_Col_dEscots/SM9834_572L_Rouge/Data/,1928.6166666666666,0.0016116624,5.365621e-06,0.019763480231057708,3.4018858088310706,42.03140735626221,-41.9914,0.2798948287963867,0.007951155,0.9926661541057469,0.0208,39,3.7279900908470154,0.0208,0.03781818181818182,0.5502934898612593,6.816471e-05,5.7916973e-09,3.0245126107053557,13.201721975221195,20,40.278924671185116,-52.721075534843116,-55.55534160450797,2.8342660696648565,0.7585278000222757,0.020738419666527008,0.27825061014106856,0.18844253405483935,0.18774999456729047,6.429666129162099,1.845474554629249,327.83282,-0.5777796,0.2676042,0.008673603,0.0023210924,2592.91225,0.013099287,2.062265037696966,0.2664894189119501,0.1446515064444627,0.1625724195761549,0.22572038420490928,0.1603699056163287,300.533203125,10.452289581298828,0.01829725853788687,0.14248391604297417,0.11529224923251469,0.7462694,0.3331609803523558,3.783676862716675,5.723001,29345.13944312403,0.9822926893830299,0.36006601160470036,1.4156047,196,8.233870564300961
SMA09834_20230606_090000.wav,2023/Ustou_Col_dEscots/SM9834_572L_Rouge/Data/,3886.7166666666667,0.0015526201,1.30186545e-05,0.03019189416638772,18.114561416849615,44.90405559539795,-41.94146,3.5016303062438965,0.007997001,0.9012428654141905,0.208,390,8.532823324203491,0.20800000000000002,0.11142857142857143,1.8676627534685164,0.00013788333,6.1386354e-09,0.5243852579837954,2.739358295970243,21,44.09815666234348,-48.90184330080566,-56.54735784010469,7.645514539299029,0.9249184158830968,0.05692365775673802,0.2177481184661656,0.12382184191483137,0.232572351190812,23.19351871196752,3.9112786833122364,392.19562,0.54737794,3.4186978,0.00560642,0.019166656,2506.29125,0.051016286,2.0052241871747936,0.3597590916264034,0.13396272883999671,0.22548573524927581,0.2897545357524013,0.21405270310832442,401.134765625,20.82843780517578,0.08775513607257204,0.19854183521995022,0.4174048672750934,0.7902971,0.333325713456361,5.343069076538086,6.767925,58291.83784212465,0.9959750175476074,0.8344077720124506,2.6783376,183,19.03796608191035
SMA09834_20230606_100000.wav,2023/Ustou_Col_dEscots/SM9834_572L_Rouge/Data/,3880.1666666666665,0.0014490326,1.0262721e-05,-0.010867280029845657,10.996239968866272,43.94163131713867,-41.439743,2.2684836387634277,0.00847253,0.9389680628757526,0.18773333333333334,352,6.880267858505249,0.18773333333333334,0.06665088757396449,2.8181696905016005,0.00011888319,5.9505108e-09,1.4297482426789063,6.4007391677071075,24,43.12114145937709,-49.878858270804606,-56.12828357515892,6.249425304354311,0.8976165140239276,0.060224373090445815,0.2880029437514008,0.14500631376341766,0.21646150982910484,14.257759853186917,2.991505998034638,385.27762,0.28854218,1.8111295,0.0071144467,0.012885184,2684.036,0.041147247,1.9998892236844654,0.3498269615500032,0.14593218947541253,0.24091420186003965,0.25400213447171827,0.22908780516275346,429.310546875,16.642390489578247,0.07593320604322305,0.17653967925373393,0.409453677672851,0.8036361,0.33330866968026385,4.755784034729004,6.5966034,53172.43660137806,0.993985909037292,1.0064030110427673,2.1596029,127,7.279820070704375
SMA09834_20230606_110000.wav,2023/Ustou_Col_dEscots/SM9834_572L_Rouge/Data/,3861.6833333333334,0.0016214929,2.2563136e-05,-0.07352637382005972,27.589403784829816,47.03329086303711,-43.430374,7.340054988861084,0.0067372285,0.8364969983552709,0.31733333333333336,595,11.803168058395386,0.3173333333333333,0.16849557522123895,1.8843383137673424,0.0001722192,1.4629461e-08,1.1599729501862277,4.339280996164757,22,46.555649739005275,-46.444350071620704,-58.72186944574017,12.277519374119464,0.8895984535305023,0.0919920202599197,0.30377042450189196,0.14204552727471664,0.19421336062050065,8.525377938746487,2.165391049679292,406.50293,0.8604574,13.332543,0.0030165913,0.040218834,2680.421,0.11800719,1.8966952861160848,0.449338920168851,0.13204170429357195,0.24428147392895255,0.24332977588046958,0.23025196771611525,431.4921875,22.56129741668701,0.10094967315901814,0.21606297960590226,0.4259100332020822,0.80686474,0.33331512740187463,4.907575607299805,6.546696,49172.99961330413,0.9942037188448012,0.5752069366502262,3.1426291,95,20.63162853521878
SMA09834_20230606_120000.wav,2023/Ustou_Col_dEscots/SM9834_572L_Rouge/Data/,2695.483333333333,0.0014947876,5.2323844e-06,0.04468683138258408,6.903563699497592,41.751933097839355,-43.09399,1.1536016464233398,0.007003267,0.9728225621825212,0.112,210,5.454193949699402,0.112,0.07384615384615384,1.5174759871931696,8.0433194e-05,3.6499452e-09,2.356144078414196,10.723780171643996,14,40.144265476295935,-52.8557341611844,-57.38420437387623,4.528470212691829,0.8596071251955074,0.08138103825961518,0.30783238673896285,0.19158765695765256,0.2169639707261728,17.55818150551319,3.2944218140643953,352.99286,-0.14116465,0.7525955,0.00595818,0.0044840993,2623.6565,0.01595945,2.0542105130207933,0.28497244960708257,0.1543961907889336,0.18776442674188137,0.23639274279615796,0.18360417222518677,344.07421875,15.560683012008667,0.046365353188367125,0.1598850890868771,0.2684829964462093,0.76575047,0.33327294601864804,4.3080596923828125,6.3577766,47372.91627659012,0.9905980154871941,0.8669887753920523,1.7955151,223,8.392601053895412
SMA09834_20230606_130000.wav,2023/Ustou_Col_dEscots/SM9834_572L_Rouge/Data/,2789.866666666667,0.0015819807,8.259877e-06,-0.02019729188150483,21.537705081182857,43.33974838256836,-44.34272,4.442083358764648,0.0060654636,0.8827725817074188,0.22666666666666666,425,9.525399208068848,0.22666666666666666,0.17435897435897438,1.3006937033084311,0.000107880805,4.484234e-09,1.2158131305978528,4.844835167163564,25,42.16702316422275,-50.83297643153314,-59.29747329288388,8.464496861350739,0.9056917491941731,0.07253125010058192,0.24883075277472277,0.12022197045144167,0.19468823008775493,8.13489172852214,2.0933179447586725,369.55515,0.59289616,3.9127517,0.0033877238,0.013255322,2576.359,0.034517944,1.9795835776618698,0.3901095442801898,0.13830555783597406,0.20639221870711996,0.2390608324439701,0.19788783184364994,370.841796875,20.080459117889404,0.08056380069370331,0.2715870164853643,0.298690999566204,0.76498795,0.3333174164666464,4.974759578704834,6.64735,55210.881177878946,0.9947173572145402,0.6522474899686314,2.4147472,155,23.89962146478122
SMA09834_20230606_140000.wav,2023/Ustou_Col_dEscots/SM9834_572L_Rouge/Data/,3310.45,0.0010446196,1.3261741e-05,-0.11029815422159998,35.359313288149124,44.59001541137695,-41.891743,3.336580753326416,0.008042909,0.8628110516816605,0.1408,264,9.690821170806885,0.1408,0.09492134831460675,1.4841248665955176,0.00013451677,7.581546e-09,1.0070132961271345,4.09742706406491,20,44.18802469398848,-48.81197486400711,-54.73464820500518,5.922673340998067,0.903300120232908,0.11035981607914258,0.3662172748024276,0.2100472304406813,0.19592847766285337,9.135976089129938,2.2785370600346564,377.39362,0.31892905,1.9365517,0.008709127,0.016865674,2599.04925,0.05447302,1.8542739784193314,0.4964888023964221,0.13577702980050899,0.1833251543680439,0.23745997865528282,0.17739669490394877,332.44140625,21.150097846984863,0.05171195470917823,0.15536417216144388,0.28112669138748,0.76633185,0.3333187866470932,5.019767761230469,6.63249,52905.2835974276,0.9948374992236495,1.0263843170810936,2.3313003,151,17.1246539821238
SMA09834_20230606_150000.wav,2023/Ustou_Col_dEscots/SM9834_572L_Rouge/Data/,4115.9,0.001677898,1.40786515e-05,-0.057322555013555834,8.649903248770189,45.29791831970215,-40.694954,2.060851573944092,0.009231083,0.9503035975514151,0.19893333333333332,373,6.2421464920043945,0.19893333333333332,0.10030252100840337,1.9843916755602986,0.00013634788,8.838398e-09,1.1558600837712094,4.396970449501706,22,44.47482145482195,-48.52517830141703,-55.36693865943551,6.841760358018483,0.8919605779125527,0.20164453619452005,0.5264474067936437,0.2671534017942183,0.25212195696251816,18.86959771198727,3.724636464299311,361.62595,0.35375097,2.094782,0.009463266,0.01982348,2217.97575,0.04635235,1.868655569474774,0.4834204056864996,0.1405467531401363,0.2248818417441683,0.3271077908217716,0.21434452541355392,401.681640625,22.332546710968018,0.08990836779615795,0.2533442712533915,0.3598239163441004,0.77702576,0.3333150699691032,4.90600061416626,6.561478,50350.200701505615,0.9942963533103466,0.9065606577303582,2.4761877,172,20.822042589381002
SMA09834_20230606_160000.wav,2023/Ustou_Col_dEscots/SM9834_572L_Rouge/Data/,2604.7166666666667,0.0016312797,4.819924e-06,0.06868202490955166,9.083808254497836,41.760196685791016,-43.00756,1.1566362380981445,0.007073302,0.9684406301927151,0.1008,189,5.908241868019104,0.1008,0.054486486486486484,1.8509871931696904,8.028922e-05,2.9106557e-09,1.5163198143710062,6.569177012461291,13,39.80407228259938,-53.19592778708444,-57.36314062663767,4.16721283955323,0.8914542609884125,0.08645770996945323,0.2742191883861663,0.18047224929534111,0.22368982951340433,21.907016393368867,3.7316051116242006,355.66882,-0.01573424,0.969019,0.004948158,0.004794859,2636.2875,0.016534258,2.047914922598172,0.29349677896589466,0.14328872834742631,0.18893528929714895,0.2417289220917823,0.18328942102454643,343.484375,15.296162366867065,0.042244405349519745,0.14757945921831528,0.2526132040843566,0.77075434,0.3333071723779237,4.726315021514893,6.5579777,51594.1055998599,0.9936199788935483,0.9409863535422891,1.794246,229,9.715910985859125
SMA09834_20230606_170000.wav,2023/Ustou_Col_dEscots/SM9834_572L_Rouge/Data/,1324.7666666666667,0.0019110467,2.3697567e-05,-0.008093385353104767,3.476021409060286,47.39011764526367,-37.449657,0.49152326583862305,0.01341273,0.9854852168692468,0.07413333333333333,139,4.029463529586792,0.07413333333333334,0.04318446601941748,1.717582710779082,9.832771e-05,3.655779e-08,4.878979952759451,28.40014011135907,16,46.7415748311851,-46.258425260749554,-49.22133405103904,2.9629087902894824,0.5732207741746875,0.08316050952499765,0.4235946393889296,0.31162284330846846,0.2187353491192725,10.7718572752644,2.6197078676705225,349.53604,-0.8706619,0.0691403,0.042204723,0.0029180471,2615.243,0.053261973,1.9568279218021178,0.4092192528921158,0.14975781955504472,0.17555076993444121,0.2321237993596585,0.17235650680362863,322.99609375,14.244983196258545,0.028663203708644613,0.143364678612564,0.1742744343966898,0.7662384,0.3322189128957689,2.8504042625427246,4.550915,11097.06152786006,0.9511154256761074,0.16398045986865964,1.6937107,288,9.302565534951974
SMA09834_20230606_180000.wav,2023/Ustou_Col_dEscots/SM9834_572L_Rouge/Data/,1939.25,0.0017945201,7.054014e-06,-0.02364114556891098,6.690499795919551,43.13812732696533,-42.389633,1.4603157043457031,0.0075948383,0.9656192268299821,0.1344,252,5.965021848678589,0.1344,0.09955555555555556,1.3507203842049091,7.846441e-05,7.579625e-09,2.6494321479071905,11.352087231777602,16,41.471393598759505,-51.528606247820406,-56.39804312417496,4.8694368763545555,0.7714783993791801,0.14471090684893795,0.30048126924839125,0.20528838282788653,0.22897850662831598,36.66373640228375,5.086745201073481,332.09247,-0.12663253,0.77520174,0.007758062,0.006014063,2630.115,0.016362928,1.9905926031455348,0.3778568162818292,0.14767260487644693,0.164232828937338,0.24119530416221985,0.1622031750266809,303.96875,18.042725324630737,0.04064459378335112,0.15363381444145913,0.1938591268186065,0.71476936,0.3331799855805002,3.842095136642456,5.8048053,29044.52791418333,0.9843027647584677,0.6729220796520551,1.7517345,143,10.077874866595518
SMA09834_20230606_190000.wav,2023/Ustou_Col_dEscots/SM9834_572L_Rouge/Data/,954.8666666666667,0.0018251594,0.000120635836,-0.018700509219277014,6.573367678525337,53.95366191864014,-33.16154,1.6825971603393555,0.021974698,0.9519800395925654,0.21866666666666668,410,5.4753077030181885,0.21866666666666668,0.07288888888888889,3.001600853788687,0.00014718193,2.1487661e-07,7.939742307545233,72.54551414156181,19,53.831728649712375,-39.16827014455642,-43.27034567839686,4.102075533840434,0.40139053815891024,0.07146561378798377,0.2323638090630562,0.14918606384476019,0.20503232321332931,17.33008082126891,3.079688958449151,350.703,-0.9647784,0.01792651,0.22348304,0.0040062713,2603.347,0.27088755,0.9142203168725229,0.7882638755633409,0.17455052951317623,0.17185594221680134,0.21344717182497333,0.17229605789754537,322.8828125,17.08656668663025,0.04166805629669157,0.15540093269151806,0.22911809054658305,0.745972,0.3255837907393773,1.8807545900344849,3.4327705,3756.9036771196843,0.8660895079374313,0.04624111056826406,1.8064604,237,11.380653014941302
SMA09834_20230606_200000.wav,2023/Ustou_Col_dEscots/SM9834_572L_Rouge/Data/,1436.8833333333332,0.0017063305,3.997075e-06,0.061856579107831544,3.453410565175173,41.414523124694824,-42.998142,0.3056812286376953,0.007080977,0.9940418033682276,0.021333333333333333,40,3.567863702774048,0.021333333333333333,0.042666666666666665,0.5002668089647812,5.36434e-05,4.8645092e-09,3.0740668397222093,14.02905523949527,8,38.98129973694134,-54.018700020112966,-56.49093864315812,2.4722386230451505,0.7249567865738554,0.01623904898919004,0.3281525863747733,0.2353001475442923,0.19783663816710706,11.295305747042738,2.5621539349814624,309.7727,-0.6722958,0.19596064,0.0068417713,0.0013407179,2602.7305,0.008824125,2.028671173493909,0.32985956087827584,0.13527624989738118,0.14264988946485743,0.22838847385272146,0.14175476921024543,265.6484375,8.535292744636536,0.00916634705176094,0.1132323123836377,0.060187898341564336,0.711354,0.33306935326739523,3.570512294769287,5.5118413,22515.22506381723,0.978919381275773,0.24856377730452464,1.2973275,300,4.930546291355389
SMA09834_20230606_210000.wav,2023/Ustou_Col_dEscots/SM9834_572L_Rouge/Data/,1653.95,0.0011750387,9.784302e-07,-0.09587645239291159,3.3724791164153505,36.74814701080322,-47.755188,0.1921834945678711,0.0040948754,0.9938962788854888,0.0128,24,4.484998285770416,0.0128,0.042666666666666665,0.30016008537886874,3.4361583e-05,6.9226574e-10,1.8673261932694274,7.092371393444937,15,32.81804075875861,-60.18195906372797,-62.205558651429826,2.0235995877018524,0.8621472707303842,0.007034959993541312,0.2911802474180335,0.2286302936994351,0.19952880050068011,24.062310992310298,3.708086176611935,304.37756,-0.3041681,0.53354466,0.0013833581,0.0007380833,2568.1895,0.0022879082,2.073411616176694,0.23134030855846904,0.1346112798620803,0.13483381613050768,0.23745997865528282,0.1347927227854856,252.6015625,7.77412474155426,0.00630753068303095,0.1064060666162398,0.04099424803123332,0.68494266,0.33329320573344984,4.512416839599609,6.3743377,46365.5361438116,0.9920071363449097,0.579284078112933,1.2623364,137,1.6974678161686234
SMA09834_20230606_220000.wav,2023/Ustou_Col_dEscots/SM9834_572L_Rouge/Data/,4716.25,0.0017357069,0.0001037436,-0.011476187257821876,3.314712621748683,53.30453395843506,-29.551079,0.38852643966674805,0.033300146,0.9903716126420424,0.032,60,4.571434557437897,0.032,0.03254237288135593,0.9838580576307363,0.00039387814,4.774995e-08,1.4150490614030713,6.861616005817659,21,53.16530472912476,-39.83469500406149,-41.94308584987054,2.108390845809055,0.9186882105913075,0.00010883166787822862,0.011345776389663609,0.009052428315618588,0.17943320787894002,9.029859281321288,1.8394050027938058,305.46814,0.031754646,1.0655922,0.1161864,0.12380732,2517.5715,0.25625265,2.0759741935099436,0.22206478930414306,0.15788523109761102,0.13819155930782132,0.22038420490928495,0.14067815334845252,263.630859375,5.980281829833984,0.003216298692636073,0.08300373589849694,0.02225681351775227,0.6946579,0.3333154788536679,4.917322158813477,6.72852,60089.72952316282,0.9949066960252821,0.7509322564496448,1.2264025,36,0.3595667689434365
SMA09834_20230606_230000.wav,2023/Ustou_Col_dEscots/SM9834_572L_Rouge/Data/,5111.8,0.0016893729,0.00011564257,-0.014763614269434906,3.323659654161182,53.75765800476074,-29.001244,0.3894500732421875,0.03547627,0.9912613999467185,0.0336,63,4.388884007930756,0.0336,0.033600000000000005,1.0005336179295623,0.0004284292,4.2299895e-08,0.28586523129585584,2.2345838528228383,20,53.63092839447921,-39.369071146969894,-41.26051564947775,1.8914445025078592,0.9433963847652643,0.00011836092318406877,0.009298704889218357,0.007008090617924956,0.18122813827103545,22.300167492128754,2.820311585280367,304.61642,0.16890837,1.4064735,0.11560802,0.16259962,2533.9365,0.28945234,2.07631678040934,0.2208582317033562,0.14228716854117068,0.1369956834121055,0.2097118463180363,0.13768384805229456,258.01953125,5.845423340797424,0.0020219116862326574,0.07852083333333335,0.015055121296049119,0.6884834,0.33332850446458906,5.57114315032959,6.883516,64681.94010333452,0.9966105562634766,0.7644234495811695,1.2212768,12,0.047316902347918896
SMA09834_20230607_000000.wav,2023/Ustou_Col_dEscots/SM9834_572L_Rouge/Data/,5017.6,0.0013615564,5.7373778e-05,-0.018781329430006804,3.4330739803516988,50.74584484100342,-32.05754,0.5243330001831055,0.02495301,0.9892937823970622,0.0528,99,4.290695786476135,0.0528,0.03370212765957446,1.5675026680896478,0.0003027857,2.0362485e-08,0.32433221946137286,2.3103306168214166,19,50.58649528311355,-42.41350461392754,-44.47994881459028,2.066444200662737,0.9446017920559783,0.00020646748043762209,0.016723635054084807,0.012276440954979706,0.18558922572086956,15.599950730103554,2.4414212228215413,308.55502,0.120794855,1.274782,0.05921966,0.07549215,2513.383,0.14654958,2.07657029578313,0.21985873815228132,0.15394466792545766,0.14158027138283275,0.22358591248665954,0.14316698072305228,268.294921875,6.123073697090149,0.0030068119663820706,0.0851399467893218,0.021735424035638017,0.69804364,0.33332848051425873,5.568669319152832,6.8910418,65410.217557662465,0.9966235961765051,0.7848691161432656,1.2337426,45,0.14851670891141944
SMA09834_20230607_010000.wav,2023/Ustou_Col_dEscots/SM9834_572L_Rouge/Data/,4563.116666666667,0.0017426882,2.3180872e-05,-0.008430055868887464,3.1985513004001644,47.20656394958496,-35.797977,0.27164459228515625,0.016221877,0.9937235476516294,0.016533333333333334,31,4.210014641284943,0.016533333333333334,0.03306666666666667,0.5002668089647812,0.00018983845,9.258903e-09,0.7494260304577598,3.4494979479443173,18,46.653445446606845,-46.346554325258644,-48.352576789628266,2.0060224643696216,0.9343990932761931,0.00014155919224823066,0.010760195840257336,0.008189796384493797,0.18363038762451134,16.384470043824972,2.536988001276608,307.06396,0.049875304,1.1049869,0.025350615,0.028012097,2527.338,0.05833161,2.0763628525082267,0.2205578052308413,0.14496346769559149,0.14164697362402803,0.2321237993596585,0.14206743596584848,266.234375,6.046469807624817,0.0028588163687299894,0.09249519230769232,0.02085557928457021,0.7002576,0.3333258239933154,5.350375175476074,6.827129,63096.25234737544,0.9960953947156668,0.7732840133419068,1.2308748,35,0.09838580576307364
SMA09834_20230607_020000.wav,2023/Ustou_Col_dEscots/SM9834_572L_Rouge/Data/,4677.316666666667,0.0014950782,1.52520015e-05,-0.004964016039545704,3.233383305321065,45.44781684875488,-37.54932,0.2597794532775879,0.013259712,0.9947571511081599,0.013866666666666666,26,3.6425620317459106,0.013866666666666668,0.033280000000000004,0.416889007470651,0.00015433348,5.8599157e-09,0.925467677483517,4.500699277878352,21,44.81715452207712,-48.18284551675894,-50.20567365019639,2.02282813343745,0.9354893104091958,0.00012117283458579209,0.011851373681421085,0.009452969473062178,0.1833710000002442,8.950663995777486,1.9331132172911827,308.7655,0.083165385,1.1814185,0.01566566,0.0185077,2536.018,0.038517334,2.0761907918788887,0.221073701525847,0.14063705771283147,0.14502377458454033,0.2289220917822839,0.1444384921958378,270.677734375,6.070346236228943,0.0027754385672358593,0.09068973214285717,0.02062747138614522,0.70985866,0.3333245028073482,5.269341945648193,6.833869,63944.40680972837,0.9959758603945374,0.8086245964508906,1.2336872,21,0.055758904749199575
SMA09834_20230607_030000.wav,2023/Ustou_Col_dEscots/SM9834_572L_Rouge/Data/,4225.566666666667,0.0017972087,9.067712e-06,0.011205378672738684,3.3234177987092837,43.9188289642334,-39.292877,0.3136615753173828,0.010848163,0.9941480362406269,0.021866666666666666,41,3.8013076782226562,0.021866666666666666,0.032799999999999996,0.6670224119530416,0.000119403485,3.3936427e-09,1.1149564683748254,5.771353552408757,23,42.56035220519804,-50.4396474781473,-52.484552536432304,2.0449050582850035,0.9360114497372153,0.00012960856879096205,0.008005850513631896,0.005962918771639236,0.18016690227836163,17.001850475189734,2.4905638538115733,310.2184,0.11150881,1.2510071,0.008985108,0.011240434,2508.87475,0.023103148,2.07627721247293,0.2208578386617271,0.1413594942943929,0.14764660199725568,0.22732123799359658,0.14684289954642477,275.18359375,6.137568950653076,0.003017234191568837,0.09659694940476192,0.022093879304591564,0.71384645,0.3333226937381066,5.1761579513549805,6.837054,64622.82336291831,0.9958312311209738,0.8279969560256583,1.2395627,22,0.061074239594450366
SMA09834_20230607_040000.wav,2023/Ustou_Col_dEscots/SM9834_572L_Rouge/Data/,3943.116666666667,0.0015884002,1.0298784e-05,0.03365933687107711,3.5634851758234927,44.10008430480957,-39.169346,0.43336009979248047,0.011003551,0.991183196355125,0.038933333333333334,73,4.184737503528595,0.038933333333333334,0.032901408450704224,1.1839647812166487,0.00012040812,5.5988476e-09,1.9631668325159037,8.63554378532615,22,43.12400373330626,-49.87599631385446,-52.22789171268489,2.351895398830429,0.8965243095358482,0.00024192880755924406,0.029769419893670435,0.026169001669730352,0.1787460623167344,13.949015009861718,2.206173996094617,312.30573,-0.09755369,0.82223433,0.012001868,0.009868348,2532.466,0.026480053,2.074292380539034,0.22790688799026845,0.1553156555291027,0.15234434555572496,0.2321237993596585,0.15275438567235858,286.26171875,6.530441045761108,0.005319503735325507,0.1112641714324619,0.035747766367458626,0.71918535,0.3333032951365264,4.657214164733887,6.5895,55917.28629649983,0.9934100331738591,0.750910921865453,1.2546868,53,0.41928611926360726
SMA09834_20230607_050000.wav,2023/Ustou_Col_dEscots/SM9834_572L_Rouge/Data/,4058.95,0.0014090799,1.1340327e-05,0.021507236304660053,3.5066635431952604,44.267539978027344,-38.935856,0.38946533203125,0.011303353,0.9908640548373274,0.0368,69,4.103000164031982,0.036800000000000006,0.03396923076923077,1.0839114194236925,0.0001246745,6.602564e-09,2.3226578902479615,10.717934000948707,23,43.5457094478342,-49.45429056966585,-52.04750985617929,2.5932192865134382,0.8846923617768893,0.0003479222456737041,0.10356131728765716,0.08621127717855337,0.17888956679240087,9.928472432171922,1.8667148830374736,314.41998,-0.11559055,0.7927724,0.013343875,0.010578657,2541.2365,0.029647218,2.073189888844002,0.23171532537714068,0.16102947212872507,0.15480399069980177,0.23372465314834578,0.155621539821238,291.634765625,6.7509859800338745,0.006550368529882604,0.11402867635921823,0.04219996120862253,0.7265261,0.33329018981021363,4.47618293762207,6.5151057,54139.292978839665,0.9922588421031833,0.7421393436961624,1.2652528,69,0.7483157684098186
SMA09834_20230607_060000.wav,2023/Ustou_Col_dEscots/SM9834_572L_Rouge/Data/,7231.7,0.001331299,4.83699e-05,-0.018843603060670247,6.800381805432218,50.022640228271484,-35.259903,2.2824172973632812,0.017258575,0.9448004943293784,0.26666666666666666,500,6.057576537132263,0.26666666666666666,0.07339449541284404,3.635272145144077,0.0002783058,1.6899882e-08,0.7380132147607416,4.190394515487829,23,49.84030153455308,-43.15969826093437,-51.34636654143166,8.186668280497287,0.9427709794099934,0.04928720936754294,0.2515029278014983,0.1484202866396943,0.22284909005977127,9.924109004482972,2.55331797902167,375.7605,0.6824887,5.2989874,0.015010739,0.07954171,2434.0255,0.18895847,2.0661552989801555,0.2544901847390955,0.15412527707084803,0.24410161610001527,0.30096051227321235,0.232876284018143,436.41015625,15.712889432907104,0.07766225320170758,0.19194494817480043,0.40270820124799783,0.8083871,0.3333260656521209,5.366730690002441,6.87946,65951.39443056668,0.9963035932742059,0.9871898388918138,2.019926,183,7.962267375933832
SMA09834_20230607_070000.wav,2023/Ustou_Col_dEscots/SM9834_572L_Rouge/Data/,3805.6833333333334,0.001514708,4.944673e-05,-0.05030261395424915,13.473747106401603,50.15895366668701,-38.41833,3.8266634941101074,0.011997301,0.9066126555557357,0.23093333333333332,433,8.620055317878723,0.23093333333333332,0.10910236220472441,2.117796157950907,0.00020453511,5.4737452e-08,2.7209550373517746,10.727497669792717,23,49.94121464560864,-43.058785065723406,-52.415008554858886,9.35622348913548,0.7594346454310918,0.15356272583287245,0.43364933158359575,0.23754584934180833,0.2085614547864898,35.72445848900267,4.452056751406103,349.63425,0.5446198,3.3919344,0.022875201,0.07759118,2555.1585,0.16608721,1.8785233176561704,0.47735663137910384,0.15245874722929154,0.18354312776337856,0.2225186766275347,0.17970417556029883,336.765625,16.05426549911499,0.027397945570971183,0.15776197202503553,0.1533536814268553,0.7640462,0.3331965474935714,3.8992409706115723,5.7295704,28233.160669217803,0.9840792696923018,0.39911277345111273,1.6509491,200,5.899187900213447
SMA09834_20230607_080000.wav,2023/Ustou_Col_dEscots/SM9834_572L_Rouge/Data/,2613.3333333333335,0.0017676105,2.2085078e-05,-0.00285233243014379,3.4711736006286995,47.03624725341797,-37.055946,0.5476531982421875,0.014034683,0.9872353069529657,0.06986666666666666,131,4.010227918624878,0.06986666666666667,0.046577777777777774,1.5008004268943436,0.00013539668,2.4799096e-08,4.5179903127293075,26.574871664557644,22,46.4406311837641,-46.55936907612332,-49.431699374096524,2.872330297973207,0.7108342592156051,0.010901572496843315,0.5191330003685943,0.3452314723052372,0.19325304692548828,10.588796560067218,2.3787163573657746,325.0667,-0.5838315,0.2627606,0.034270413,0.009004915,2570.32475,0.05300218,2.0670617071341573,0.2523736974446734,0.1500944093259995,0.1777567083396859,0.22838847385272146,0.17431692736125937,326.669921875,9.047811031341553,0.020888223719316968,0.1472458058656992,0.12705609942271756,0.7523796,0.33279523183591664,3.214425563812256,5.4189596,29236.74569605732,0.9696450997143984,0.4353682631842547,1.3649864,143,5.408405316168623
SMA09834_20230607_090000.wav,2023/Ustou_Col_dEscots/SM9834_572L_Rouge/Data/,4350.816666666667,0.0010129052,8.959173e-06,-0.007137699419646588,19.022869558906788,43.01414489746094,-42.659763,2.593916893005371,0.0073622754,0.9178215206599013,0.1424,267,8.294597864151001,0.1424,0.08376470588235295,1.700907150480256,0.00011771789,3.4711727e-09,0.8175706736150014,4.00867802126099,19,42.48035281568186,-50.51964706294235,-56.13306017895007,5.61341311600772,0.9354180713733717,0.06904408941921081,0.3144461585730859,0.15508529774824864,0.1961172222756148,7.095297351548455,2.013565018625888,356.28955,0.4380719,2.559174,0.005002629,0.012802599,2489.62325,0.034950487,2.05770888357176,0.2815446072813,0.1309416304080125,0.18557278167403565,0.26360725720384204,0.17874949973319104,334.9765625,15.92436671257019,0.037662795157417286,0.1605785004034938,0.19672676897023492,0.7720084,0.33332520798406523,5.310954570770264,6.8334618,63562.231340346094,0.9960491424426436,0.8566601746005461,1.7642055,191,9.43034201574173
SMA09834_20230607_100000.wav,2023/Ustou_Col_dEscots/SM9834_572L_Rouge/Data/,3492.85,0.0017432343,7.1336904e-06,0.004978029900516956,6.715199500202866,43.09490203857422,-41.850945,1.6560277938842773,0.008080775,0.9662668740496838,0.18133333333333335,340,5.560029745101929,0.18133333333333335,0.07302013422818791,2.48465848452508,0.00010687829,2.4704085e-09,0.3208290018880784,3.215597514560664,20,41.52077722306188,-51.4792227793178,-56.45089204606969,4.9716692667518885,0.9465419092311782,0.0379909801803715,0.2735816655844785,0.15654975682798944,0.19055679285497928,7.566437146894768,1.9525642445263578,353.6764,0.2819965,1.7855017,0.0052157985,0.009312817,2524.084,0.024461213,2.057480144876351,0.2767169056754925,0.14498809621541744,0.20196843078213142,0.24546424759871932,0.194893526547492,365.23046875,14.050688743591309,0.05122106790288154,0.17842232177924577,0.26095543579818475,0.7802712,0.3333279024385168,5.512397289276123,6.9031324,65639.65052248038,0.9965982218272984,0.9212596052375858,1.7328013,192,10.819833077641409
SMA09834_20230607_110000.wav,2023/Ustou_Col_dEscots/SM9834_572L_Rouge/Data/,3614.8166666666666,0.0014888352,1.1452748e-05,-0.09229692064676455,51.437273114015504,44.378085136413574,-42.6604,2.803844928741455,0.007361736,0.9033039982618849,0.18346666666666667,344,7.744074463844299,0.1834666666666667,0.09250420168067226,1.9843916755602986,0.000117476346,8.631503e-09,2.907360599298965,14.85919944841014,22,43.60141684075791,-49.39858308514413,-56.60333967044232,7.204756585298185,0.8408349513252638,0.29321302503552005,0.5500416867134958,0.4327918157690491,0.20066878344651562,13.819830044521792,2.8074437264872607,364.02795,0.5425365,3.371934,0.005287334,0.01782854,2352.5295,0.04272238,1.611260752400483,0.6143061021195916,0.12919300550036944,0.18755598223814607,0.2742796157950907,0.1802409201574173,337.771484375,21.550185680389404,0.04096559831910352,0.19697650287284274,0.19167580836225306,0.7760959,0.33322646405819495,4.022645950317383,6.2393246,45607.928020596846,0.9879541229456663,1.1509214288521545,1.9575539,209,15.039270944503736
SMA09834_20230607_120000.wav,2023/Ustou_Col_dEscots/SM9834_572L_Rouge/Data/,2675.7,0.0014469567,2.441541e-05,-0.026540728751347123,11.252326248687657,47.25454807281494,-39.030895,2.8398799896240234,0.011180348,0.9162020229815618,0.17173333333333332,322,8.153420686721802,0.17173333333333335,0.092,1.8676627534685164,0.000160711,2.182076e-08,2.879375167484219,14.139216157601055,17,46.873217961073124,-46.12678189076182,-52.018753374148815,5.891971483386996,0.809345080825751,0.11574853184592049,0.30525636346039586,0.16794401237097034,0.18891660310810676,7.1213502265291275,1.9094907049889314,367.15872,0.012689186,1.0257045,0.023410544,0.024012301,2620.91875,0.091410145,2.014436555310855,0.35427856649510564,0.1496593054757409,0.19754940730294251,0.23852721451440767,0.1915896811632871,359.0390625,19.182562828063965,0.06398204042155817,0.20078836269146766,0.2673424569540844,0.7674695,0.3331914969506518,3.8811120986938477,6.0416927,38027.259679015595,0.9856144320219755,0.7154012504452496,2.1876192,139,19.06266675560299
SMA09834_20230607_130000.wav,2023/Ustou_Col_dEscots/SM9834_572L_Rouge/Data/,1993.1166666666666,0.001502231,2.4010471e-05,-0.0440425592841784,5.7084166437608195,47.21473217010498,-38.484035,1.5295848846435547,0.0119068865,0.9626126910165999,0.16746666666666668,314,5.677379369735718,0.16746666666666668,0.09850980392156863,1.700907150480256,0.00013163956,2.9666456e-08,4.951885737400155,32.29152268905254,22,46.813255499167774,-46.18674412463881,-51.638646843775724,5.451902719136918,0.672162240342594,0.04118492098946436,0.30847350253855277,0.13208644006770864,0.2016372343832723,12.103465494124913,2.6410782415745357,355.4342,-0.5843015,0.26238602,0.04000928,0.0104978755,2542.842,0.059268102,1.8299264251593352,0.5099747166872188,0.1610212626221164,0.17577231666412563,0.24653148345784417,0.17395944503735328,326.0,15.969005823135376,0.046405999866595514,0.19573418239003348,0.23935035913307529,0.74245596,0.3324137167073786,2.9464707374572754,5.1727695,24180.356246859646,0.9601636826992035,0.36239485308828123,1.8259294,246,11.416192802828174
SMA09834_20230607_140000.wav,2023/Ustou_Col_dEscots/SM9834_572L_Rouge/Data/,3452.1,0.0006765137,8.500877e-06,0.029479981914431512,28.109503875463307,42.54297733306885,-43.92191,2.7905797958374023,0.006366556,0.9049820853624052,0.13706666666666667,257,8.836472630500793,0.13706666666666667,0.08478350515463917,1.6175293489861258,0.00011016702,4.3429953e-09,1.2472840217869123,6.4771508924998535,13,42.262210801660736,-50.737789332367015,-56.48007650366296,5.742287171295942,0.911926617126719,0.0849980936260154,0.3278457755973867,0.229203923625384,0.21239346959551997,19.857262281741775,3.468234190791746,385.85217,0.26289523,1.7133185,0.0066231214,0.011347516,2631.8765,0.034984596,1.8177004883739347,0.5151893126621754,0.13288728347426318,0.18600396401890532,0.2390608324439701,0.17937587546691566,336.150390625,19.137401580810547,0.04293331443436499,0.15649464279691475,0.2696235359383342,0.7684849,0.33331278053568286,4.846950531005859,6.686213,56382.41484176246,0.9946602368727326,0.9395096370889402,2.2172003,182,7.410306330042689
SMA09834_20230607_150000.wav,2023/Ustou_Col_dEscots/SM9834_572L_Rouge/Data/,3249.483333333333,0.0013706408,6.451047e-06,0.04543752345302753,4.276770030916063,42.22689628601074,-41.898575,0.8200550079345703,0.008036582,0.9816502671199957,0.104,195,4.608416855335236,0.10400000000000001,0.0552212389380531,1.8843383137673424,9.343612e-05,3.8613837e-09,1.7473586772956242,6.643605018471555,14,41.09354035976469,-51.906459368097,-55.30793724383397,3.4014778757369655,0.8881124469903139,0.03727081842693347,0.1812160779697436,0.12194699998774094,0.20207573682707458,10.617035358606183,2.4284148859074186,358.93732,-0.16451555,0.71745235,0.007743624,0.0055556814,2565.2145,0.020341557,2.063083948816753,0.2613941283418283,0.14536573351941548,0.20295705328556182,0.240128068303095,0.19577316235325506,366.87890625,14.09888505935669,0.045658726320704376,0.1577677165823667,0.2600430042044848,0.7744783,0.33330809402104933,4.744247913360596,6.5370336,52747.35284110446,0.9934250130318105,0.8301372437748162,1.7855544,196,9.666092749466381
SMA09834_20230607_160000.wav,2023/Ustou_Col_dEscots/SM9834_572L_Rouge/Data/,1828.3,0.0014785071,4.979725e-05,-0.07024195007615802,8.513618794345449,50.17923355102539,-36.798134,2.5193166732788086,0.014457505,0.927087697191019,0.24426666666666666,458,6.755026578903198,0.2442666666666667,0.10856296296296296,2.2512006403415152,0.0001660609,6.968698e-08,5.678934938251025,39.79924676601522,18,49.97218558141065,-43.02781474621389,-49.554505009135056,6.526690262921164,0.5983237440782917,0.0652529298718546,0.29221776461661464,0.15279046560985265,0.1894888538138917,5.371558005060434,1.6868284214184623,387.8103,-0.71706545,0.16477795,0.08084499,0.013321472,2559.2845,0.13052167,1.7548445941801358,0.5533190717076024,0.18833429110910435,0.20413982695532853,0.25880469583778015,0.20226516642209175,379.044921875,20.198376178741455,0.0763730239461046,0.19840600448852586,0.3519053135844901,0.77478296,0.33164664419988793,2.6431877613067627,4.7033195,17588.86078369333,0.9433379285037518,0.37078226465463976,2.4790509,120,14.630719717182497
SMA09834_20230607_170000.wav,2023/Ustou_Col_dEscots/SM9834_572L_Rouge/Data/,2385.3333333333335,0.0013756658,8.712311e-06,0.02856512670867523,4.8381257196038305,43.27561378479004,-41.21964,0.7331933975219727,0.008689968,0.9801838865061031,0.07306666666666667,137,5.4305291175842285,0.07306666666666667,0.08768000000000001,0.833778014941302,9.0604015e-05,8.7781e-09,2.23181799187763,8.30183297887361,17,42.39391432467177,-50.6060856428553,-53.74229816257214,3.1362125197168425,0.7962011729692768,0.14265250959423592,0.4378421258094961,0.28267265325485846,0.22117498166319016,19.943058641946593,3.625708539564686,340.25595,-0.32541516,0.50896114,0.011529855,0.0058682486,2552.151,0.021167992,2.0363969276548626,0.321036185598221,0.13544864953616287,0.17104479531940844,0.24332977588046958,0.1665992696104589,312.20703125,17.51161217689514,0.03121664887940235,0.14683530760480662,0.1602620920648692,0.7400628,0.3332506894754867,4.15117883682251,5.96082,32079.449101769293,0.9878024850040674,0.6501365689063929,1.7185905,359,9.927273712646745
SMA09834_20230607_180000.wav,2023/Ustou_Col_dEscots/SM9834_572L_Rouge/Data/,1944.4666666666667,0.0018765276,8.795916e-06,0.03312720040841974,3.6471204416816976,43.925743103027344,-40.497395,0.5453023910522461,0.009443446,0.9882143703642262,0.05226666666666667,98,4.503364264965057,0.05226666666666667,0.05226666666666667,1.0005336179295623,8.535381e-05,9.838894e-09,2.693377098933325,10.261947604534392,17,42.428794095644626,-50.57120561381705,-53.27227342681737,2.7010678130003214,0.7563184726709252,0.0942105402472192,0.4387980194687776,0.25153667073831876,0.21468124079785866,27.917526327458937,4.187342803806513,347.3767,-0.5887654,0.2588391,0.01379136,0.0035697434,2504.9655,0.022294708,1.9844554090716846,0.3887262004815481,0.14213118791560628,0.18247470079280378,0.24706510138740662,0.1774633971451441,332.56640625,15.088856220245361,0.03511039220917823,0.15577438577661948,0.19200167678857447,0.7536225,0.3332088169117924,3.946230411529541,5.710203,27569.462183530864,0.9842125978320837,0.4624842914269258,1.7031204,290,9.522057597385272
SMA09834_20230607_190000.wav,2023/Ustou_Col_dEscots/SM9834_572L_Rouge/Data/,1934.5,0.0016491608,6.4210462e-06,-0.0016731066632492558,13.386905117630315,42.6304292678833,-42.843094,1.5813398361206055,0.007208511,0.9480024758502303,0.0816,153,7.900099158287048,0.08159999999999999,0.08742857142857144,0.9338313767342582,8.845238e-05,4.637519e-09,1.7958202916553867,7.858309308709273,16,41.04834825766311,-51.951651774421784,-56.06805843318503,4.116406658763246,0.8656505955468264,0.10514864127392276,0.3222254676832179,0.1800080495881088,0.19585515714092572,11.542095994573392,2.4835502801754705,374.33383,-0.03391693,0.9343914,0.006531354,0.006102841,2619.7555,0.024649473,1.8952143631472862,0.4622135130677568,0.1309087923815779,0.16553233152919652,0.22572038420490928,0.16120681029882603,302.1015625,20.78007698059082,0.04141271177961579,0.153185509807719,0.21660474297584087,0.7407071,0.33328887580137234,4.461182117462158,6.3961124,45298.55882824088,0.9918514974415302,0.9148854402866711,2.2473233,87,10.157813333778016
SMA09834_20230607_200000.wav,2023/Ustou_Col_dEscots/SM9834_572L_Rouge/Data/,1109.6,0.001457291,3.9739618e-05,-0.018905893026669545,4.469631083053227,49.23893928527832,-36.556698,1.225064754486084,0.014865011,0.9708294462126286,0.15253333333333333,286,5.104730129241943,0.15253333333333335,0.06933333333333333,2.201173959445037,0.00012823308,6.125956e-08,4.7560132778096325,29.231611664785753,11,48.99709338003844,-44.00290649052679,-48.183000408715806,4.180093918189016,0.5865910876364309,0.1594472753101519,0.43242591579790157,0.273423026916232,0.19811559761517294,11.136539773572073,2.464722972875133,356.2099,-0.8643021,0.07278745,0.070509136,0.00513218,2639.91375,0.09352883,1.568146876001387,0.6281802214243207,0.15865692471882437,0.1616469259795701,0.2097118463180363,0.16134751033884737,302.365234375,19.82898712158203,0.0401193136339381,0.14238627494689898,0.22452334573545113,0.72745806,0.3320066009958585,2.763211965560913,4.6339474,10654.722930613321,0.950599443167448,0.18871493918674223,1.9918721,132,11.202849853255069
SMA09834_20230607_210000.wav,2023/Ustou_Col_dEscots/SM9834_572L_Rouge/Data/,3228.616666666667,0.0017683258,5.2147654e-05,-0.13846622919400867,24.999338512285604,50.44586181640625,-40.379375,7.113164901733398,0.009572631,0.8216699517096206,0.20853333333333332,391,13.23446273803711,0.20853333333333335,0.1690810810810811,1.233991462113127,0.0002452072,4.2092097e-08,1.0312138949994145,3.292552569042593,22,50.18800127483985,-42.811998599088874,-53.88493966689963,11.07294106781076,0.8660470728846156,0.12481741476833697,0.24596057232007695,0.13769136057781806,0.19986944299372666,11.167471414279634,2.4742981834218707,413.46545,0.7787384,8.039073,0.010947057,0.08800419,2650.4205,0.25569445,1.860731945399879,0.47864894909941036,0.13468516542155815,0.257031130888855,0.29669156883671294,0.24173100653681961,453.00390625,26.753358840942383,0.11833290254802561,0.2284666948289542,0.46416698645221566,0.8024193,0.33331460902748705,4.893537998199463,6.399557,40254.385726085915,0.9937678831629455,0.5413417538066639,4.2693787,68,17.246906683564568
SMA09834_20230607_220000.wav,2023/Ustou_Col_dEscots/SM9834_572L_Rouge/Data/,1324.4,0.00082104484,1.5697948e-05,0.01334453183733814,7.0434986954294905,45.16163349151611,-41.574177,2.426496982574463,0.008342408,0.9456084715661496,0.2896,543,5.966389179229736,0.2896,0.15514285714285714,1.8676627534685164,7.714928e-05,2.4730783e-08,3.9624934810261982,19.778709652020382,12,44.96164846945859,-48.03835146584399,-53.59000604571597,5.551654579871979,0.6039096259232152,0.17079779000910633,0.5570314345346226,0.42110422319081464,0.18478820709482713,31.152001114370794,3.5110402035880544,304.90634,-0.9034957,0.050698407,0.028597185,0.0014498318,2567.5835,0.03665246,1.3139611999812615,0.7089258006352402,0.20476151383301863,0.1331591134319256,0.24813233724653147,0.1422164737860192,266.513671875,13.006671667098999,0.013907417289220916,0.14220352527066063,0.06624905107114254,0.6788983,0.33268348531176645,3.12007999420166,4.7486486,8767.383264270406,0.9631995931267738,0.08611559879882574,1.3045182,51,4.900321838313768
SMA09834_20230607_230000.wav,2023/Ustou_Col_dEscots/SM9834_572L_Rouge/Data/,1140.7,0.0012521846,1.0284039e-05,-0.02357691245189013,3.816588412373539,43.75852108001709,-40.87506,0.5904130935668945,0.009041638,0.9861461511069376,0.07626666666666666,143,4.075865745544434,0.07626666666666668,0.04442718446601942,1.717582710779082,6.634115e-05,1.5653903e-08,3.533948850609993,16.641168557266436,6,43.11493748365589,-49.88506260082368,-53.15512686513286,3.270064264309177,0.6366527913271155,0.0005240572515308184,0.06137405431049514,0.041563279290294464,0.18373165484487786,24.434865905987756,3.0763560317438734,300.9619,-0.8835267,0.061837897,0.018929118,0.0011705369,2568.32975,0.023532767,1.8768223515288116,0.47562567242881804,0.15860766767917248,0.13168094412257966,0.21771611526147278,0.13511685398879403,253.208984375,5.983620285987854,0.004441952374599787,0.0711371548071639,0.02773140307995195,0.6805095,0.33284940966404974,3.2674856185913086,4.956014,10162.148907780758,0.9692335054278374,0.07333685005460554,1.2230049,66,1.3076765941835646
SMA09834_20230608_000000.wav,2023/Ustou_Col_dEscots/SM9834_572L_Rouge/Data/,1135.9166666666667,0.001596177,2.555874e-06,-0.03196705515747142,3.52139911725413,40.09941101074219,-44.41612,0.27666664123535156,0.006014426,0.9941494914854543,0.015466666666666667,29,3.525286614894867,0.015466666666666667,0.03314285714285715,0.4669156883671291,4.1724914e-05,3.2041179e-09,2.6382905076304457,9.649569074360192,7,37.03443825123693,-55.96556161271113,-57.9872012099002,2.021639597189072,0.7265211407661036,0.0013151416592120935,0.09349420581763346,0.06175952049847966,0.1877305376798638,30.065627291055556,3.608847412564768,304.05597,-0.7335201,0.15372182,0.004494883,0.00069096166,2554.896,0.005899694,2.0696652366145933,0.2459658494350215,0.14609637960758556,0.13551513187985972,0.2209178228388474,0.13683756336712916,256.43359375,6.094451546669006,0.002959911953041622,0.08408409767316018,0.021507316137213028,0.6870233,0.3331939806036341,3.8899450302124023,5.523614,20700.632530850187,0.9828216768801212,0.19785532084097548,1.2304045,55,0.30620497598719315
SMA09834_20230608_010000.wav,2023/Ustou_Col_dEscots/SM9834_572L_Rouge/Data/,1293.0666666666666,0.0014704814,2.3070174e-06,-0.06932967064615868,3.127494165972189,39.52302694320679,-44.784588,0.1269235610961914,0.0057646176,0.9960399177877447,0.0037333333333333333,7,3.189440071582794,0.0037333333333333333,0.032,0.11672892209178228,4.114624e-05,2.762089e-09,2.540979244185656,9.333024014718525,7,36.58127617862378,-56.41872383525136,-58.15937409490487,1.7406502596535063,0.7426031237931843,0.0018795547644553379,0.11401936255116862,0.07604239013751779,0.18919154161488394,27.54011709572354,3.4542668598312782,304.84253,-0.6790188,0.19117187,0.0040024184,0.00076514983,2546.321,0.0052790246,2.071823053485221,0.2383319162071958,0.13040801247845005,0.13605708758957158,0.24493062966915688,0.13531904515741727,253.587890625,6.126768589019775,0.0018655783084311633,0.06604679070929072,0.013816821276027763,0.69184923,0.33320645746425726,3.93684458732605,5.624536,23008.902608260396,0.9840016700327396,0.23209664883905123,1.2325284,98,0.37770144076840984
SMA09834_20230608_020000.wav,2023/Ustou_Col_dEscots/SM9834_572L_Rouge/Data/,1479.9166666666667,0.0012304705,3.1929949e-06,-0.007380200053207814,3.3233951943338527,39.74808931350708,-44.298347,0.3438701629638672,0.0060965302,0.9924695695110212,0.0288,54,3.7915760278701782,0.0288,0.03526530612244898,0.8171024546424759,4.6470894e-05,4.060393e-09,2.530624706837266,8.965511061573837,7,38.03055951691502,-54.969440703545864,-57.04748525637537,2.0780445528295033,0.7288015542798107,0.001970395124460622,0.11733507474568561,0.07779069605153122,0.18829996969601814,14.814307816495457,2.5959255582896303,305.28552,-0.7348023,0.15286909,0.005674119,0.00086739747,2563.2865,0.007438444,2.069896795572177,0.24537101764138053,0.14410146950168295,0.13665264331452964,0.20597652081109924,0.13760776580843115,257.876953125,6.242455840110779,0.0029963897411953043,0.07874341299019609,0.021376968766684466,0.69050604,0.33320717874448746,3.939695119857788,5.538201,20030.79992541866,0.9835284296423197,0.18732457466198524,1.2357928,96,0.45253301760939163
SMA09834_20230608_030000.wav,2023/Ustou_Col_dEscots/SM9834_572L_Rouge/Data/,1468.0,0.0012226965,3.7727066e-06,-0.0006412070581576653,3.275931408675058,40.236802101135254,-43.665676,0.2733039855957031,0.006557166,0.9941613232586161,0.0128,24,3.517937660217285,0.0128,0.03490909090909091,0.3668623265741729,4.9565788e-05,4.8972293e-09,2.5797538918606384,9.374380929404625,9,38.75793365068331,-54.24206614098325,-56.1521173118293,1.910051170846053,0.7223105468525797,0.002589796719337456,0.14581755020281117,0.0987447473824773,0.19072056872503718,29.37800867506228,3.5972451694954164,306.5204,-0.7460368,0.14545122,0.00674473,0.0009810291,2548.943,0.008738962,2.0687150498832327,0.24948224019339627,0.1413759133076102,0.1375126257813691,0.22038420490928495,0.13800381036552828,258.619140625,6.340882182121277,0.002799409685165422,0.08119576956998475,0.019943147690870265,0.6938812,0.3331921591598075,3.8834519386291504,5.4973125,18838.610351818843,0.9827533811330795,0.1733383205319483,1.240864,103,0.504956810298826
SMA09834_20230608_040000.wav,2023/Ustou_Col_dEscots/SM9834_572L_Rouge/Data/,981.7666666666667,0.0019980369,8.229442e-06,-0.011666405059787612,9.335529018697954,43.89187812805176,-41.721786,1.1089696884155273,0.008201833,0.9706532983170005,0.08853333333333334,166,6.066480875015259,0.08853333333333334,0.10415686274509804,0.850453575240128,6.060627e-05,1.246964e-08,3.746607640278064,19.542179928516557,11,42.17247770029486,-50.82752210531628,-54.782869556210954,3.9553474508946778,0.6342551238638868,0.002514812415291834,0.1931766212255691,0.11588990850250647,0.19155990262526057,39.990427499873874,4.308328176426498,307.69763,-0.8819977,0.062700525,0.015198963,0.000952983,2546.1935,0.020125765,1.5003574127510029,0.6524490848794848,0.1489122403743535,0.13852387940234792,0.22678762006403416,0.1398839797892209,262.142578125,8.371483087539673,0.005162128135005335,0.08466520507556693,0.023429939852509345,0.69492626,0.33265579569463927,3.0992166996002197,4.939162,11018.422329699015,0.965648103505373,0.08163609244514178,1.2649443,102,1.0044940635005337
SMA09834_20230608_050000.wav,2023/Ustou_Col_dEscots/SM9834_572L_Rouge/Data/,970.4,0.0025036144,5.9257163e-06,0.03897209380000799,3.2925430653722825,43.88199329376221,-40.765656,0.14669227600097656,0.009156243,0.9952988818130334,0.0064,12,4.091940820217133,0.0064,0.0384,0.1667556029882604,5.9758924e-05,7.970753e-09,2.7467244536364155,10.11265221209674,14,40.715465657465685,-52.284534024604945,-54.17816148405304,1.8936274594480977,0.7039000716062841,0.006761814044325187,0.37565881409422075,0.2653401094833653,0.18703204577135002,10.75984858676844,2.1570622169207607,315.291,-0.79828566,0.112170376,0.010644112,0.001193954,2562.237,0.013970689,2.0025516760902935,0.3679526209892089,0.1352352023643379,0.14932249580728768,0.2289220917822839,0.14754744196905017,276.50390625,8.46436858177185,0.01081931196638207,0.12412138442444351,0.06523885894954617,0.71969587,0.3331699675375906,3.810453176498413,5.3816094,17074.869885947857,0.9810708295553923,0.14933394663513708,1.3154597,177,3.93970534284952
SMA09834_20230608_060000.wav,2023/Ustou_Col_dEscots/SM9834_572L_Rouge/Data/,7486.366666666667,0.002311172,6.0967384e-05,-0.03727040197391904,7.536264230133741,51.23631954193115,-34.53708,2.1802611351013184,0.018756254,0.9393437058557612,0.27253333333333335,511,5.9396713972091675,0.27253333333333335,0.0714061135371179,3.818703308431163,0.00029104215,3.4426897e-08,1.117220201548538,3.9609857426566393,20,50.85299876425569,-42.14700080806857,-53.55521530240071,11.408214494332142,0.903066911758338,0.07960640973053568,0.2770146188627167,0.1418447880440945,0.24349576589798827,12.417225579442182,2.9517487399071474,415.66748,0.8407252,11.556914,0.009196733,0.106285855,2417.03625,0.26582548,2.030741707061777,0.3345380330818875,0.1299811181348001,0.29348747903643846,0.33617929562433296,0.2730445821104589,511.685546875,21.504886150360107,0.12629444036819637,0.20441747697476495,0.5636220301655099,0.8344837,0.3333198857702276,5.0590500831604,6.6310267,53901.20510315331,0.994818851351738,0.8881094509979687,3.0122285,73,4.058518709978656
SMA09834_20230608_070000.wav,2023/Ustou_Col_dEscots/SM9834_572L_Rouge/Data/,3675.616666666667,0.0015745062,1.2276025e-05,-0.06374223988869822,22.862516704173505,44.71001625061035,-42.01233,3.1681180000305176,0.00793202,0.9030752084664139,0.1984,372,8.189525604248047,0.1984,0.0768,2.584711846318036,0.00013880595,4.6519304e-09,0.5110329713210902,3.458913134007802,21,43.880133678161855,-49.11986610123556,-57.11228688311309,7.992420781877534,0.9399370875074429,0.10529603229656237,0.6205067804846589,0.28361753359448316,0.20077116491179847,5.816571846877371,1.852432471881194,400.56317,0.5253027,3.2132115,0.0055738837,0.017910067,2461.535,0.05184678,1.9144884946712535,0.4544931019428267,0.1468270256957557,0.2428819179753011,0.29722518676627535,0.2309273279082177,432.7578125,23.33685874938965,0.0956312116462113,0.17863300397254428,0.4674582575580619,0.80545235,0.33332662565347465,5.406822681427002,6.861797,64030.56242620005,0.9963350649923086,0.9953997352776617,2.871332,168,14.602892375933832
SMA09834_20230608_080000.wav,2023/Ustou_Col_dEscots/SM9834_572L_Rouge/Data/,2086.8166666666666,0.0016657342,6.3257644e-06,0.008809837205347587,4.4218558856116745,42.61122226715088,-41.4242,0.3754138946533203,0.008487706,0.9890601839665095,0.032,60,4.68373030424118,0.032,0.045714285714285714,0.7003735325506937,7.942985e-05,6.0040133e-09,2.5076461818741023,9.982439888052408,20,40.99637858182945,-52.003621544221744,-54.89808679814221,2.8944652539204654,0.8010090435200637,0.05678657707590462,0.5101741725340949,0.34781940715293647,0.20602462307767133,6.821285317994861,1.9910267717888634,353.72925,-0.47416505,0.3567002,0.0093635935,0.0033399959,2567.016,0.016873874,1.9837782912556547,0.3842702866407469,0.1404154010343978,0.18760720003049247,0.2657417289220918,0.18172608724653147,340.5546875,14.10006046295166,0.03220780249466382,0.15386452012446153,0.18642932669847836,0.77864766,0.33323708682049374,4.074992656707764,5.9904895,35258.86794511951,0.9871670994907618,0.49801135289083487,1.6572329,269,8.409276614194237
SMA09834_20230608_090000.wav,2023/Ustou_Col_dEscots/SM9834_572L_Rouge/Data/,2116.7166666666667,0.0017707982,2.0128355e-05,0.00699276624734595,4.357977543070654,46.68745517730713,-37.533085,0.7851858139038086,0.013284519,0.9789514839518487,0.1088,204,4.450445473194122,0.10880000000000001,0.0544,2.0010672358591246,0.00013582446,2.0942478e-08,1.6460867820371132,4.532038546813079,11,46.0466427472235,-46.95335674443846,-49.84056252215345,2.887205777714989,0.805640880273101,0.16095055438896633,0.6439705408502816,0.4079287389378252,0.18731115809552434,20.134455881401248,2.8502395899208053,333.08185,-0.50470346,0.32916555,0.034061674,0.01121193,2573.924,0.050446272,1.8909787006974654,0.46371138984536203,0.17062638535424024,0.19000014293337397,0.2518676627534685,0.18755106890341516,351.470703125,15.707515478134155,0.03468829208911419,0.16078832828769313,0.21526868242792307,0.71204484,0.3332962335771299,4.5516438484191895,6.021207,29929.204533411106,0.9907514555379748,0.40489837019255787,1.6021652,79,1.5738602254535752
SMA09834_20230608_100000.wav,2023/Ustou_Col_dEscots/SM9834_572L_Rouge/Data/,3550.15,0.0012015221,2.4249395e-05,-0.1572773562421633,58.01985964635916,47.118754386901855,-41.777378,5.830811023712158,0.0081495065,0.7816299658997992,0.17973333333333333,337,12.265591621398926,0.17973333333333336,0.08767479674796748,2.051093916755603,0.00018307923,1.41381715e-08,0.7854274670352266,3.356949767356031,22,46.87389141378788,-46.12610875489846,-55.024559991135945,8.898451236237484,0.9064311981561494,0.09899422641072908,0.28308092716865674,0.13866935898506294,0.20192945700288367,9.58742310300816,2.4003396291279437,409.73553,0.6426863,4.597323,0.008341759,0.038349763,2655.2925,0.1058399,1.8997270493199772,0.45720914899217907,0.13321566373860932,0.22627782436347002,0.2737459978655283,0.21467699439701177,402.3046875,23.803224563598633,0.06996335545624333,0.19934544428777512,0.33570965279631604,0.805741,0.3333214517515444,5.120954513549805,6.6521974,52314.772744208,0.9951827842742205,0.7629564862895815,3.0347552,140,11.686962213180363
SMA09834_20230608_110000.wav,2023/Ustou_Col_dEscots/SM9834_572L_Rouge/Data/,1942.6499999999999,0.001463869,6.406352e-05,0.03345156835742114,5.490134008778803,51.22960090637207,-34.340797,1.9476065635681152,0.019184925,0.9541526568483405,0.25653333333333334,481,5.5690598487854,0.25653333333333334,0.1523960396039604,1.68423159018143,0.000218834,7.7684305e-08,2.5073608395767795,10.114132370413865,12,51.081649197325454,-41.91835062729149,-46.60559144064747,4.687240813355984,0.7481447105509188,0.03883556901333529,0.2527690690187685,0.12989072780622302,0.18301647887441774,6.120119546649704,1.685814786241185,340.10153,-0.6478542,0.21369961,0.112993054,0.024146572,2602.196,0.15970741,1.87027942930196,0.48423296172793134,0.2106148920449881,0.22049736049702698,0.23479188900747064,0.2192315068036286,410.83984375,13.34059476852417,0.0792037003068303,0.19418490627358578,0.3998079722537373,0.7369277,0.3331730250502005,3.819899797439575,5.6588526,22574.351702630705,0.9835310839116573,0.23925204914783013,1.7509989,52,2.8394310298826038
SMA09834_20230608_120000.wav,2023/Ustou_Col_dEscots/SM9834_572L_Rouge/Data/,3390.483333333333,0.0016222643,1.3557707e-05,0.016299525497166418,7.467090968639554,45.11291980743408,-40.489655,2.1154403686523438,0.009451862,0.9542629390976508,0.20426666666666668,383,6.185678243637085,0.20426666666666668,0.08945985401459854,2.2845517609391672,0.00014114848,6.4912826e-09,1.134678941703895,4.714429320097611,19,44.311070342546614,-48.68892932254022,-53.75773336295795,5.0688040404177315,0.9174780642231031,0.07089518631668679,0.24630706229168764,0.13111953308877056,0.19748014011396697,10.061517868767254,2.2891749065357923,390.3095,0.179995,1.4390095,0.010992495,0.015818305,2506.14025,0.052579615,1.9597031579302064,0.4161542591688606,0.13033412691897217,0.21804367091019974,0.2838847385272145,0.2071073322438634,388.119140625,20.801470279693604,0.0843230973185699,0.19594286346056167,0.3618117137446609,0.7745267,0.3333205127734497,5.082923889160156,6.7211323,58724.90105860588,0.9952256469987333,0.9828196981182479,2.6182961,186,20.900938834044823
SMA09834_20230608_130000.wav,2023/Ustou_Col_dEscots/SM9834_572L_Rouge/Data/,1793.3833333333332,0.0010509038,9.21425e-06,0.02992861267612528,3.328874793658226,43.15682888031006,-40.97437,0.44393062591552734,0.00893885,0.990366108020304,0.050133333333333335,94,4.073155224323273,0.050133333333333335,0.04851612903225806,1.0338847385272145,8.1191305e-05,1.1391005e-08,3.0480982752731247,12.994078375147588,16,42.64132891473853,-50.358670828598626,-52.81663634845516,2.457965519856536,0.7193470946863793,0.04400932977518246,0.28278528592822694,0.18428496683011042,0.1941317474312465,9.016944840959376,2.242096502373694,334.8897,-0.7307085,0.15559614,0.016022822,0.0024930893,2529.8125,0.022171708,1.9965190082924733,0.37475587109193853,0.1372711600032838,0.1626462684860497,0.2641408751334045,0.15948193203041622,298.869140625,13.522500991821289,0.028275496931696904,0.15104196628498287,0.15661236569006942,0.733217,0.33310430458125967,3.6415252685546875,5.477203,22615.098138325542,0.9795991219580173,0.266065924548197,1.5596235,213,9.219604622465315
SMA09834_20230608_140000.wav,2023/Ustou_Col_dEscots/SM9834_572L_Rouge/Data/,2660.25,0.0017348261,1.0983172e-05,-0.034454922890802465,18.269895707211404,44.479641914367676,-41.743855,2.5845303535461426,0.008181018,0.9214402083734998,0.1472,276,8.143179416656494,0.14720000000000003,0.08921212121212121,1.650880469583778,0.00012082873,6.723354e-09,0.9565634871781578,2.957478586347997,21,43.38116888409934,-49.618830739928455,-55.30416336312331,5.685332623194853,0.8960148587056257,0.07987447861749875,0.3238534081675082,0.1830845930961802,0.18793602501522944,6.133772223217642,1.7643508766584322,372.18323,0.28942043,1.8146039,0.0077774953,0.014113073,2523.4365,0.043134987,1.7895246065145953,0.5351658366418451,0.13409408094573516,0.18790259567007167,0.22465314834578443,0.18117787820170755,339.52734375,19.46298837661743,0.05141804795891142,0.1965716219978784,0.2447923618526428,0.75977576,0.3333214318433117,5.1201171875,6.5870695,51084.26647969406,0.9948885259218514,0.7163629028340909,2.1448917,207,15.057926727588047
SMA09834_20230608_150000.wav,2023/Ustou_Col_dEscots/SM9834_572L_Rouge/Data/,3244.0666666666666,0.0014346763,1.7192202e-05,0.014790699216827513,4.925991282729542,45.86501598358154,-38.742424,1.006575584411621,0.011557898,0.9741245634024333,0.10666666666666667,200,5.262510180473328,0.10666666666666667,0.04705882352941177,2.2678762006403415,0.00013816486,1.4323573e-08,3.4825164325041937,19.555092004575215,17,45.331866934819075,-47.66813279804829,-51.67674705349485,4.00861425544656,0.8106880742371553,0.1169167248160311,0.5152391670007508,0.312782678653024,0.20560485369039105,8.844692074699248,2.277986072666713,389.29803,-0.3224465,0.51234853,0.022183895,0.011365886,2490.6715,0.0524217,1.9554679520774503,0.41132784204654876,0.14332977588046958,0.2198505869797225,0.2689434364994664,0.21034239094183566,394.181640625,19.02704119682312,0.06015083044290288,0.15470979580594468,0.3365243238621196,0.7988009,0.3331243549861635,3.687333822250366,6.049092,41862.946099094326,0.9837266728281975,0.9520628728274877,2.2087855,189,11.580342849519743
SMA09834_20230608_160000.wav,2023/Ustou_Col_dEscots/SM9834_572L_Rouge/Data/,1181.85,0.0014805971,8.547253e-05,-0.013179013217865458,4.208882075521617,52.44884967803955,-32.974266,0.9874739646911621,0.022453643,0.9744082096007454,0.15573333333333333,292,4.5691221952438354,0.15573333333333333,0.06973134328358209,2.2345250800426895,0.00018607729,1.3228863e-07,4.6787878314354465,26.23355791933674,8,52.31761141106416,-40.68238867518708,-44.37086175099833,3.6884730758112525,0.5816223559795369,0.09402925007045893,0.39806240575274865,0.24640110510634494,0.19420460839338294,7.215298656445856,1.9741166239723336,346.95517,-0.8863233,0.060263652,0.15520974,0.009353505,2639.562,0.19313411,1.5616541245923168,0.6334048963578258,0.16779410557425498,0.18855889807897544,0.22625400213447172,0.18597314401013876,348.513671875,16.027061939239502,0.0535233374466382,0.1652958395127263,0.31227971294380674,0.73128116,0.33241061625691753,2.9447877407073975,4.604944,10562.579556766452,0.954143587499857,0.11861336299442617,1.8205137,90,6.201953541889008
SMA09834_20230608_170000.wav,2023/Ustou_Col_dEscots/SM9834_572L_Rouge/Data/,2636.4,0.001622063,7.4657564e-06,0.04304409171257496,5.3282719882533,43.06245803833008,-41.41804,0.9820404052734375,0.0084937215,0.9750962873180427,0.08533333333333333,160,5.785889029502869,0.08533333333333333,0.056263736263736264,1.5174759871931696,9.5004594e-05,5.5555995e-09,2.136188083922176,8.03296167437466,17,41.73071348557295,-51.26928644022836,-54.49138094493357,3.222094504705204,0.8522121005186077,0.07785677596947138,0.553154199254914,0.31405053826059526,0.1905953264844431,7.950947150508322,2.0435861294612674,368.40756,-0.23537523,0.6189413,0.009321881,0.0057696975,2566.9915,0.02388499,2.0090892014035298,0.3561776864883077,0.13102372547409902,0.1937569084464095,0.26520811099252933,0.18594291955709713,348.45703125,16.658703088760376,0.0472804245597652,0.15053916167737005,0.26812454117725576,0.7794197,0.33328712299407925,4.441847324371338,6.311919,45664.26887937658,0.991132915019989,0.7895932013644185,1.9776762,251,11.648921091248667
SMA09834_20230608_180000.wav,2023/Ustou_Col_dEscots/SM9834_572L_Rouge/Data/,1987.6499999999999,0.0015892289,1.0216439e-05,0.008821075025759144,5.24216578685083,44.07299995422363,-40.753025,1.2001385688781738,0.009169569,0.9708396961979345,0.09706666666666666,182,6.074896454811096,0.09706666666666666,0.08088888888888889,1.200640341515475,0.00010188385,9.5235535e-09,2.3483192377991275,9.394658425198251,22,43.082074840713446,-49.91792462447162,-52.94651629967718,3.0285916752055613,0.8106544420743198,0.08369422593077225,0.21001692428446284,0.1466281617730042,0.19425198915129194,12.882245544376545,2.6871132798487443,347.54877,-0.36202946,0.46839702,0.01372096,0.006426857,2653.70025,0.02945057,2.026282769484446,0.3338960252232894,0.12948033823167227,0.17165583549321545,0.21664887940234792,0.16641166955709713,311.85546875,18.196924924850464,0.04893651614194236,0.1871952511483555,0.20213618484717033,0.73902196,0.3332500328930716,4.14722204208374,6.051071,35419.56611973209,0.9879754055291414,0.5817386911615192,1.916053,98,16.931738593916755
SMA09834_20230608_190000.wav,2023/Ustou_Col_dEscots/SM9834_572L_Rouge/Data/,1572.1833333333334,0.0013107826,8.798255e-06,0.04514021048015787,3.115042793649561,43.23927402496338,-40.705734,0.23492431640625,0.00921963,0.9944558521573764,0.015466666666666667,29,3.407248854637146,0.015466666666666667,0.03437037037037038,0.45024012806830305,7.223638e-05,1.1919912e-08,2.826106634797363,10.820486811590518,10,42.43230230462175,-50.567697214646394,-52.56334852316022,1.9956513085138283,0.7006189483747566,0.049013282331826225,0.3303877435045329,0.287559442836431,0.21464664404616762,34.28743656779757,4.541597899569347,304.534,-0.7763274,0.12591858,0.015650783,0.0019707244,2587.36575,0.020276323,2.0162422194607394,0.3503481510282107,0.13404482390608322,0.14216153377039184,0.22678762006403416,0.14116799793223053,264.548828125,9.81178104877472,0.015024679829242264,0.1086355505127442,0.08143451973772023,0.67894685,0.3331506673518258,3.754619598388672,5.3606358,16449.441670296288,0.9800806548446417,0.16683071581812384,1.3000596,211,4.510217949573106
SMA09834_20230608_200000.wav,2023/Ustou_Col_dEscots/SM9834_572L_Rouge/Data/,1114.6333333333332,0.0014075006,6.0468017e-05,-0.032541076118030546,5.0388147146327995,50.97586631774902,-34.64711,1.1084609031677246,0.018520152,0.9678286681070416,0.15573333333333333,292,4.991031587123871,0.15573333333333333,0.06626950354609928,2.3512540021344717,0.00015308181,9.449455e-08,4.502263586540699,23.855644497501412,16,50.80889055273806,-42.191108873257804,-45.919118652316754,3.728009779058951,0.5793227186273,0.10673182550173577,0.30462157446145965,0.20543093111422328,0.1863983777109781,8.141448898823818,1.9136971017666031,357.83505,-0.895945,0.05488289,0.10837479,0.005947922,2631.269,0.14172332,1.3581848044812752,0.6962658092529409,0.16142352844594038,0.15794256937033083,0.2294557097118463,0.15845742729455708,296.94921875,19.799963235855103,0.038083853054962646,0.16762579842286895,0.20490606647090231,0.7244356,0.33253320523848134,3.0160632133483887,4.5920787,10035.993835002198,0.9569753482937813,0.14692352623242405,1.9882674,92,11.176377401280684
SMA09834_20230608_210000.wav,2023/Ustou_Col_dEscots/SM9834_572L_Rouge/Data/,1691.6166666666666,0.001294593,9.386275e-06,0.04035616428203929,3.2701800637932563,43.45903396606445,-40.484818,0.2704029083251953,0.009457125,0.9924520433015782,0.029866666666666666,56,3.758063018321991,0.029866666666666666,0.04072727272727273,0.7337246531483458,8.03727e-05,1.1819375e-08,2.8358915152836786,10.893403091651706,14,42.71225850132861,-50.287741428293195,-52.45651282583581,2.1687713975426135,0.7197764398196665,0.06785566630873785,0.3127003521358739,0.2054483493431838,0.18771111234446392,6.7275403093439525,1.8617254755128323,325.70227,-0.73705304,0.15137532,0.016390719,0.0024811502,2586.13425,0.022527765,2.0336966780597034,0.32523023702180787,0.13913471800344798,0.14796820208873304,0.22678762006403416,0.1469127284551761,275.314453125,13.850791454315186,0.01708828041622198,0.14658820950318388,0.09821674369327281,0.7072583,0.33316832322937745,3.805445909500122,5.480798,21080.43882845161,0.9813654273748398,0.248365509130538,1.4717398,231,6.794248599252935
SMA09834_20230608_220000.wav,2023/Ustou_Col_dEscots/SM9834_572L_Rouge/Data/,2801.616666666667,0.0013645936,0.00027223778,-0.04718319806332585,4.669056532381709,57.39968776702881,-27.124317,1.311917781829834,0.044033594,0.9630550221726114,0.21706666666666666,407,4.814358353614807,0.21706666666666669,0.13289795918367348,1.6342049092849518,0.0005145804,2.6780646e-07,0.9491804958841952,2.320188284250563,2,57.35670626661406,-35.64329370951639,-38.8859499266496,3.2426562171332094,0.8404248682488732,0.00016311717966133177,0.004136738533528361,0.0027579646428896876,0.207390730396537,185.24941140049464,11.357988050901065,297.35913,-0.2516765,0.59785694,0.43771598,0.26169154,2666.803,0.6421177,2.049732455211573,0.2965602320159375,0.20355471636154668,0.20882089495349904,0.2673425827107791,0.2081902014407684,390.1484375,7.719578146934509,0.042485158751334046,0.16218752556438387,0.2590653989255205,0.6629756,0.3333172792651264,4.970468044281006,6.239627,30737.123359042427,0.9935834249481559,0.3558860634097915,1.3670713,12,0.400526113927428
SMA09834_20230608_230000.wav,2023/Ustou_Col_dEscots/SM9834_572L_Rouge/Data/,1030.8166666666666,0.0016974347,3.2639907e-06,0.07432961046699489,3.334690852630897,40.90601444244385,-43.607018,0.2642698287963867,0.006601602,0.9948377590172942,0.010666666666666666,20,3.418283760547638,0.010666666666666666,0.03368421052631579,0.31683564567769473,4.3148186e-05,4.4706567e-09,2.913336398152259,11.452192552524004,3,38.10839816643443,-54.89160166090557,-56.73795880557326,1.8463571446676852,0.6917846200019695,5.571778584601006e-05,0.006567011071106688,0.0055669079158983115,0.17630100785241298,10.265141411701626,1.8610107462704937,296.46417,-0.8077411,0.10635312,0.005873474,0.00062466227,2560.4975,0.0075330404,2.067559640272253,0.2521173814533375,0.13406124291930058,0.12585879135538955,0.20757737459978656,0.12687808497865527,237.76953125,5.472885370254517,0.0017582293890074708,0.06732390873015874,0.012936976524959957,0.6637553,0.3331237750438352,3.685948133468628,5.3049526,15914.30209197679,0.9789653643965721,0.13735001090940258,1.2012085,15,0.0478380136072572
SMA09834_20230609_000000.wav,2023/Ustou_Col_dEscots/SM9834_572L_Rouge/Data/,1216.2666666666667,0.0015692932,5.0519584e-06,0.0537428785757771,3.146781680456975,41.77968502044678,-42.281372,0.15554141998291016,0.0076900925,0.9957214089850895,0.0032,6,3.3592411875724792,0.0032,0.032,0.10005336179295624,5.297558e-05,6.9990884e-09,2.740948234435777,10.322986659523222,3,40.007397251925255,-52.99260258523304,-54.68064236584178,1.6880397806087402,0.6969249139076908,7.321412345662193e-05,0.0037829844574631677,0.0023232118967252413,0.1800748378211101,10.26379767309603,1.8880970584200567,296.0431,-0.7870655,0.11915312,0.009143275,0.0010894497,2583.4235,0.011610299,2.0671602440813537,0.25315761728165176,0.12970199491010592,0.12652819599024243,0.2225186766275347,0.12688538053628604,237.783203125,5.425572395324707,0.0015831360058697972,0.06531562500000002,0.01160091597704218,0.6593966,0.3331524292201114,3.7594656944274902,5.337702,14757.877205603423,0.9802983570843935,0.1294907174179125,1.1985395,13,0.026993563233724652
SMA09834_20230609_010000.wav,2023/Ustou_Col_dEscots/SM9834_572L_Rouge/Data/,1200.85,0.0015100632,5.553401e-06,0.05649713867050296,3.173537457318269,41.9602632522583,-42.075764,0.18281078338623047,0.007874301,0.9944863490272373,0.009066666666666667,17,3.4888869524002075,0.009066666666666667,0.032,0.2834845250800427,5.3807267e-05,7.892171e-09,2.9305991814692405,11.62620172102855,4,40.42186455209838,-52.578135126169066,-54.316767376034925,1.7386322498658586,0.6816379493479987,7.368277535690915e-05,0.004004500588997928,0.002623773982108113,0.17932683790421933,13.7472703971675,2.1648260015485814,296.33054,-0.8148268,0.102033556,0.010097474,0.0010302812,2566.8085,0.012674126,2.065605747632568,0.2581974247565844,0.13156555291027008,0.1276037696295167,0.22732123799359658,0.1281308364461046,240.1171875,5.467700958251953,0.0017957493996798293,0.06909583333333334,0.01306732389548852,0.6634105,0.3331052157445811,3.6435184478759766,5.2411723,13535.638985709478,0.9780197720974684,0.11428134773247088,1.2004803,8,0.023345784418356455
SMA09834_20230609_020000.wav,2023/Ustou_Col_dEscots/SM9834_572L_Rouge/Data/,1530.7833333333333,0.0011319065,6.563043e-06,0.08911555018358755,3.36865476625225,41.966118812561035,-41.92933,0.37541675567626953,0.008008176,0.9911928768968028,0.042133333333333335,79,3.560698926448822,0.042133333333333335,0.04284745762711865,0.9838580576307363,6.333166e-05,8.76985e-09,2.4157224625019316,8.222174029917626,2,41.15826249169197,-51.84173688125961,-53.773518773520614,1.9317818922610073,0.7210210591547772,0.00014398056039965912,0.018493577064161548,0.015184347887598482,0.1797838944077298,16.034325646491613,2.3894331336820005,298.00684,-0.74672896,0.14499733,0.011862678,0.0017200568,2566.77925,0.015169979,2.06702110766485,0.2554757509091866,0.1437812987439455,0.13738041241042845,0.2198505869797225,0.13819557930896478,258.978515625,5.962391495704651,0.005480006003201707,0.12124786268674136,0.03776815061065136,0.66415834,0.3332145590005287,3.969836473464966,5.4897738,16681.499609036982,0.9837400652468204,0.15172507879233527,1.2208936,43,0.38958277748132336
SMA09834_20230609_030000.wav,2023/Ustou_Col_dEscots/SM9834_572L_Rouge/Data/,1273.8166666666666,0.0015590165,6.641098e-06,0.12527622671018734,4.141899960047185,42.59745121002197,-41.524563,0.3016948699951172,0.008390197,0.9912886066978391,0.018133333333333335,34,4.890437424182892,0.018133333333333335,0.03751724137931034,0.48359124866595515,6.0762995e-05,9.259777e-09,2.7207686357974135,10.201481123471636,3,41.21604062873445,-51.78395881369617,-53.736398739316826,1.9524399256206593,0.6969334748218672,9.508454546991452e-05,0.013655995932118858,0.011564793044396837,0.17565865147622084,8.60746627051547,1.6757878035249096,297.4229,-0.80699706,0.10680863,0.012092774,0.0012916126,2571.0975,0.015891327,1.5580736064642857,0.6317737483329434,0.13591659141285609,0.1309829528129288,0.23425827107790823,0.13164208411152617,246.697265625,6.085622310638428,0.003731156616862327,0.09583747373949582,0.023983916177255742,0.66351455,0.3331515873627116,3.7571442127227783,5.3378253,14698.423481210275,0.9804416187107563,0.12207281815017947,1.214999,46,0.5630086045891142
SMA09834_20230609_040000.wav,2023/Ustou_Col_dEscots/SM9834_572L_Rouge/Data/,1828.5166666666667,0.0010912509,1.2745066e-05,-0.0071188093364600875,4.5949644945720465,44.46194648742676,-39.635242,0.5366530418395996,0.010428889,0.9872578948835473,0.04,75,4.99405562877655,0.04,0.05106382978723404,0.7837513340448239,9.387862e-05,1.6113681e-08,2.008225648974543,6.444591917066595,3,44.05937807973874,-48.94062153923636,-51.345525262575094,2.404903723338734,0.7556947489237961,0.00022911898895139338,0.021787575053965225,0.019058302604004984,0.18304630870315863,16.872339382191466,2.5179992348289155,298.03836,-0.6445058,0.21617086,0.02273517,0.004914681,2641.273,0.029860752,1.7270359217967626,0.5476046184371917,0.14258271077908216,0.1461124504497637,0.2390608324439701,0.14566518810032017,272.9765625,6.830847263336182,0.008503493529882604,0.12676318060713443,0.052497403480379075,0.6679889,0.3332530532885964,4.165688514709473,5.7077236,18992.295555719284,0.9869885742664337,0.19423220008810335,1.2364535,22,0.665354855923159
SMA09834_20230609_050000.wav,2023/Ustou_Col_dEscots/SM9834_572L_Rouge/Data/,1313.1833333333334,0.0014059243,8.451434e-06,0.030594212276585032,3.4225379108264287,43.20263385772705,-40.894638,0.3207740783691406,0.009021284,0.9914500756021649,0.03626666666666667,68,3.965562582015991,0.03626666666666667,0.0544,0.6670224119530416,6.720255e-05,1.1941615e-08,2.6799779932222156,9.902281840163692,2,42.256417419162275,-50.74358271202478,-52.76032222028674,2.0167395082619564,0.6950502265765526,0.00014265271334890084,0.01613875748252913,0.013514463058232784,0.17805128638519174,8.603355957909276,1.7651723549612255,297.3223,-0.8040728,0.108602695,0.015430934,0.001675841,2576.1455,0.01951765,2.0138337922088057,0.35509798637626344,0.14949511534356785,0.13709692788534839,0.22998932764140875,0.13863018609925293,259.79296875,6.131560206413269,0.007869822238527214,0.1384719809704185,0.05168273241457555,0.6705899,0.3331585735043821,3.776742935180664,5.3261557,13608.676282666403,0.980591518804431,0.11427204588234163,1.22199,54,2.753447672091782
SMA09834_20230609_060000.wav,2023/Ustou_Col_dEscots/SM9834_572L_Rouge/Data/,5495.45,0.0019413305,8.966647e-05,-0.16142066050525838,27.43775850472769,52.72570610046387,-35.262863,4.100276947021484,0.017252693,0.8714125609557476,0.23093333333333332,433,9.079146385192871,0.23093333333333332,0.06997979797979798,3.301760939167556,0.0003295368,6.531918e-08,1.8456324116280598,6.805468690953889,17,52.49603673590751,-40.50396312626016,-50.53659120155902,10.03262807529886,0.8600088002311892,0.10550317643648843,0.4089317711674103,0.2565537455481707,0.22335342810010783,11.550197186980983,2.6504705090358054,391.33942,0.7608995,7.3646827,0.020440325,0.1505365,2415.068,0.39377552,1.9169398957896693,0.44791246909713267,0.13736967408258763,0.28457320094526606,0.37513340448239063,0.26615236459445035,498.76953125,20.09774684906006,0.11578883737993596,0.1885301433457347,0.5325667691370795,0.8154378,0.3332950534919898,4.535987377166748,6.3609953,45818.71390391283,0.9920013742521405,0.5708226228522753,2.5705676,33,4.36691235325507
SMA09834_20230609_070000.wav,2023/Ustou_Col_dEscots/SM9834_572L_Rouge/Data/,4129.433333333333,0.0014913818,4.427439e-05,-0.1496952779172695,52.23929246371191,49.695000648498535,-39.04339,5.533380508422852,0.01116428,0.8132607245672914,0.22346666666666667,419,11.032257080078125,0.22346666666666665,0.09786861313868613,2.2845517609391672,0.00024364554,2.7273604e-08,0.6632947917893837,2.846988756800048,18,49.469721505036865,-43.53027832586366,-52.991524264826026,9.461245938962364,0.9032138995972754,0.06644666437053082,0.26866019576228484,0.16759400751010745,0.19626761571550722,6.489283790936311,1.9290146919539664,406.56363,0.69465923,5.55006,0.012923165,0.07172434,2751.426,0.22012614,1.8330850118788031,0.49127644361391704,0.14199983580986783,0.26268652805305687,0.24706510138740662,0.24759350820437567,463.990234375,20.98241090774536,0.10241503802027749,0.18571166199760025,0.4941794685164175,0.8122168,0.3333224538340194,5.165009021759033,6.63216,49955.11224655234,0.9952491139993072,0.6947449618430599,2.722981,61,6.498048959445038
SMA09834_20230609_080000.wav,2023/Ustou_Col_dEscots/SM9834_572L_Rouge/Data/,2187.6,0.0012147293,8.387732e-06,0.015159694026223093,3.8445987415165876,42.96082019805908,-41.14767,0.47473907470703125,0.008762268,0.9871011713427891,0.06666666666666667,125,4.245025217533112,0.06666666666666667,0.05970149253731344,1.1172625400213447,8.9217945e-05,8.39502e-09,2.7471148344475145,11.306347128798464,19,42.22916835860137,-50.77083150488008,-53.70242615140868,2.931594646528602,0.7844114182873295,0.08820211045096438,0.33897852338000867,0.20249318667728622,0.19062509070396305,5.822251230096959,1.7678759152540677,358.51782,-0.50844705,0.32586685,0.0125687085,0.0040957252,2629.6265,0.024585126,2.0311420070344357,0.3240450045147787,0.14421640259420407,0.1680455766885196,0.23372465314834578,0.16504531583511206,309.294921875,17.358886003494263,0.03093733324439701,0.17007201545801612,0.1602620920648692,0.7572986,0.3332145466216995,3.9697842597961426,5.886007,32847.0641013231,0.9853072110563517,0.5193910931561104,1.8144293,192,15.951736759605122
SMA09834_20230609_090000.wav,2023/Ustou_Col_dEscots/SM9834_572L_Rouge/Data/,3386.3166666666666,0.0016775285,1.9333973e-05,-0.03542397924897353,17.109421282117086,46.47395610809326,-39.443516,2.5260486602783203,0.010661647,0.9212839277333412,0.15466666666666667,290,7.884386777877808,0.15466666666666665,0.08360360360360361,1.8509871931696904,0.00015653147,1.3125739e-08,1.739086807399367,6.132742864651606,15,45.84779248534235,-47.15220766974624,-52.452326915266696,5.300119245520456,0.8721390041251111,0.11304222333907432,0.43710931045475043,0.2385461868229668,0.201647533169249,10.599150132148463,2.46720413757822,373.27783,0.23072158,1.599839,0.014335121,0.022933885,2607.7875,0.06683452,1.9449620901793494,0.42142416581889464,0.13101551596749036,0.2103848242872389,0.25773745997865527,0.2004662903548559,375.673828125,18.80509853363037,0.06758500366862326,0.15152377102610276,0.3724024376001068,0.78287274,0.3333050608052872,4.687503814697266,6.4370723,48260.121728863305,0.9928008755668998,0.9323711055956277,2.1935863,176,12.979109691835648
SMA09834_20230609_100000.wav,2023/Ustou_Col_dEscots/SM9834_572L_Rouge/Data/,5558.383333333333,0.0017326953,2.7749491e-05,-0.018020478309622005,3.6077583108953966,47.89929389953613,-35.200855,0.3731365203857422,0.017376298,0.9886389222247379,0.03573333333333333,67,4.573802649974823,0.03573333333333333,0.039703703703703706,0.9004802561366061,0.0002197393,5.8454823e-09,0.0056425327357758695,5.116497372017367,8,47.427147170821485,-45.57285271685862,-47.63500718274808,2.0621544658894635,0.9686386223977005,0.00468053095515919,0.49741032086685577,0.4156333761785118,0.17997533281181033,17.775858709867613,2.5065856133211484,300.2506,0.28834417,1.8103473,0.02182934,0.039518688,2492.2325,0.0678958,2.0734136293386736,0.23103855766115747,0.13305147360643624,0.14747389083701787,0.23959445037353255,0.14566727254535752,272.98046875,6.831747889518738,0.005704083844717183,0.12166378968253971,0.04008181643753338,0.6815835,0.33332967744778824,5.710279941558838,7.04128,73634.83296068745,0.9971993181388825,0.9573514141507387,1.2430954,30,0.4084470050693703
SMA09834_20230609_110000.wav,2023/Ustou_Col_dEscots/SM9834_572L_Rouge/Data/,2127.0666666666666,0.0021436312,1.3341776e-05,0.025981461550073463,3.757788979437901,45.55807590484619,-38.871017,0.6265220642089844,0.011388045,0.9876036737088374,0.07146666666666666,134,4.312770068645477,0.07146666666666666,0.050447058823529414,1.4174226254002134,0.00011064971,1.3838376e-08,2.583535297443851,10.191158653144665,15,44.256064249828654,-48.7439356753109,-51.59201162825067,2.848075952939766,0.7810522531506772,0.05879350073022549,0.3473163874466304,0.19681211023338052,0.1923196387338607,5.387856208261851,1.7460973212371171,357.5014,-0.5354157,0.30257884,0.020255612,0.0061289193,2618.979,0.03791805,1.8964932252101336,0.45787532221544874,0.1412035136688285,0.1975041450678457,0.240128068303095,0.19048700973852722,356.97265625,15.182582139968872,0.05276772612059766,0.157848763667812,0.27395758600840897,0.7787008,0.3332224104863902,4.004031658172607,5.8652635,31026.673835314854,0.9857243448495865,0.4707195388900539,1.8474071,268,15.770598485859125
SMA09834_20230609_120000.wav,2023/Ustou_Col_dEscots/SM9834_572L_Rouge/Data/,2255.65,0.0018791683,1.1613601e-05,-0.005350513931205212,6.8665463474077555,44.82325553894043,-40.100822,1.1977124214172363,0.009884598,0.9672883293754813,0.0896,168,6.2860941886901855,0.0896,0.07571830985915493,1.1839647812166487,0.000115583054,9.25743e-09,2.254790715211414,9.215651836778465,21,43.63702491201683,-49.362974926169265,-52.729610178486,3.3666352523167333,0.840455672252561,0.06463462179807855,0.32358002789234186,0.15194923544884098,0.21725515214742297,14.826963697745251,2.993341780977437,375.27246,-0.2686746,0.5764484,0.01454519,0.008384551,2493.1395,0.037694693,1.911504533678959,0.4511890391125865,0.1342336425580823,0.18168142056715966,0.2833511205976521,0.17578854555763074,329.427734375,19.26653027534485,0.0514409768543223,0.17701363641926557,0.2481813934863855,0.7636698,0.33327130997107207,4.294693470001221,6.237973,42502.67035227259,0.9899370828643441,0.709514044913674,2.1751082,205,16.32318486526147
SMA09834_20230609_130000.wav,2023/Ustou_Col_dEscots/SM9834_572L_Rouge/Data/,1681.4333333333334,0.0013809426,5.11111e-06,0.07894558002128348,3.1598948471412878,41.48280620574951,-42.46398,0.2475423812866211,0.007530108,0.9942121302845461,0.016,30,3.694332540035248,0.016,0.03692307692307692,0.43356456776947705,6.0559327e-05,6.26774e-09,2.9992728350336084,12.392504506385768,12,40.06445347784593,-52.93554625987169,-54.90619405407707,1.9706477942053766,0.7232260296123059,0.01661553268241911,0.3180914111621532,0.2506946594908066,0.18635493093147204,5.565970632110386,1.6833176521690671,309.9903,-0.69886404,0.17725724,0.00864375,0.0015321673,2562.74475,0.012203224,2.065664072926245,0.2581381002785177,0.13171332402922586,0.14445084997713067,0.23265741728922093,0.14284284951974388,267.6875,8.719112277030945,0.00958948939434365,0.12389675289987791,0.06318588786372131,0.70820916,0.33313996395251405,3.7261481285095215,5.501756,22454.692287355076,0.9802711438387632,0.245277130928779,1.3026435,287,4.0450740394877265
SMA09834_20230609_140000.wav,2023/Ustou_Col_dEscots/SM9834_572L_Rouge/Data/,2110.5833333333335,0.0012529063,2.100458e-05,-0.03930854379979465,10.704790644263086,46.55675411224365,-39.194294,1.6367778778076172,0.010971992,0.9566251810815859,0.144,270,6.189531683921814,0.14400000000000002,0.08150943396226415,1.7676093916755602,0.0001220982,2.6261329e-08,3.7754740648378378,20.57798965382416,18,46.23843403961648,-46.76156568480266,-51.12279014107023,4.361224456267571,0.6999296419100984,0.0884753345088306,0.37746269431274304,0.21463431713202152,0.18710559778949243,7.820312131261149,1.947103474052562,365.601,-0.6991425,0.17706431,0.03471169,0.0061462014,2616.7445,0.05869912,1.6868037721011948,0.5806919680706948,0.1484935555373122,0.1888280892666565,0.2390608324439701,0.18381887006403416,344.4765625,17.18035578727722,0.05254156383404482,0.17730203557427926,0.24554185923318206,0.7743575,0.3328296115311484,3.247437000274658,5.3519735,22479.62298057016,0.9716900698840618,0.3664775560328565,1.983051,131,18.99388006937033
SMA09834_20230609_150000.wav,2023/Ustou_Col_dEscots/SM9834_572L_Rouge/Data/,1867.85,0.0013058815,1.8649058e-05,0.004549220900097428,5.093511811954499,46.107177734375,-39.094177,0.9608206748962402,0.011099188,0.9738046626264649,0.11733333333333333,220,4.997316896915436,0.11733333333333333,0.057704918032786885,2.034418356456777,0.000105970146,2.5050912e-08,4.957119929439263,30.25420318555493,16,45.68944225450733,-47.31055755158642,-51.515073118968374,4.204515567381954,0.6329939941942933,0.07515874697953018,0.53900934760051,0.31615650368317627,0.20369865744982896,8.152875542606612,2.2248205200621034,356.34885,-0.7339329,0.15344717,0.030791497,0.004724868,2645.8215,0.045631617,1.7651176379802505,0.5429201548442301,0.14916673507922174,0.1914318588961732,0.2289220917822839,0.18620555963180363,348.94921875,16.483534574508667,0.055317002401280686,0.16514962286867194,0.2923691520955686,0.76354015,0.3324063680289934,2.942491054534912,4.926769,19209.801644862895,0.9568537436425686,0.33562830036275954,1.8970435,185,15.74141625533618
SMA09834_20230609_160000.wav,2023/Ustou_Col_dEscots/SM9834_572L_Rouge/Data/,1346.7333333333333,0.0017275889,2.4265373e-06,0.1013270043786427,26.486754756316415,40.353455543518066,-45.642723,1.4758625030517578,0.005222324,0.9446347229620847,0.0928,174,7.061617970466614,0.09280000000000001,0.08188235294117646,1.1339381003201707,5.7004734e-05,1.4522596e-09,1.715711018985145,7.785278276579432,19,36.81534072956503,-56.18465915012972,-61.37943896269226,5.194779812562544,0.8896002115753777,0.0906574558652079,0.2698155789137876,0.18389817279507514,0.22417257733805152,38.77982100322423,4.949013116248175,339.26544,0.02336511,1.0478482,0.002371405,0.0024848725,2608.00325,0.0075628674,2.025629976093237,0.3334548912050256,0.14299318610951484,0.16433288229913098,0.2198505869797225,0.16171124599786552,303.046875,17.213054895401,0.03758150180096051,0.17475234266985967,0.20083271114188467,0.7224864,0.33330089746353525,4.61881685256958,6.546203,52001.005724078925,0.9932085243053734,0.9512026477468463,1.7165616,248,9.277760639007472
SMA09834_20230609_170000.wav,2023/Ustou_Col_dEscots/SM9834_572L_Rouge/Data/,2522.3333333333335,0.0015017681,2.9525041e-05,-0.10101680101084955,25.690073982018777,48.04218769073486,-44.69291,8.239724159240723,0.005825788,0.7970243682135878,0.18773333333333334,352,14.952859878540039,0.18773333333333334,0.1976140350877193,0.9505069370330843,0.0001029784,4.6927752e-08,4.455350071944405,25.480110001327837,15,47.691817108921455,-45.308182557531765,-59.592533429696594,14.28435087216483,0.5844421835230835,0.3819444905438193,0.5368305849160846,0.353196172296257,0.2796305471975108,79.65734756951184,7.744334216122182,313.62305,0.886677,16.648664,0.003149689,0.052438114,2633.66425,0.061946925,1.3999303373236391,0.6860201337371908,0.1522617190706839,0.1663851673273365,0.22678762006403416,0.1646513557230523,308.556640625,24.60498571395874,0.043114661152614725,0.16115829046698776,0.18972059780432463,0.70512015,0.3323035362797479,2.889890670776367,4.6224747,8141.434096956847,0.9541385062038898,0.13468718474019703,2.0433795,275,9.648583411152615
SMA09834_20230609_180000.wav,2023/Ustou_Col_dEscots/SM9834_572L_Rouge/Data/,2843.366666666667,0.0017145777,4.237697e-06,0.055292818427908653,3.339494452608341,41.58031940460205,-42.047596,0.19836902618408203,0.00789988,0.9951134962763271,0.010666666666666666,20,4.115703701972961,0.010666666666666666,0.04,0.26680896478121663,7.5388954e-05,2.5319262e-09,2.490743311948958,10.818260946367117,7,39.23899817388646,-53.76100190636778,-55.67948216138397,1.918480255016192,0.8776042305858626,0.001228284840359195,0.2143360983061401,0.18263937379090944,0.18278104285796504,15.670035104691898,2.4477793587484586,301.84402,-0.21179216,0.6504481,0.0054277214,0.0035304509,2515.983,0.009943236,2.075785275930084,0.2227032658925813,0.13844511944832116,0.13362245578594298,0.2209178228388474,0.13426014707844183,251.603515625,6.48209810256958,0.0040521611526147285,0.09772020878427129,0.0280898583489055,0.68195957,0.33328854146626935,4.4574360847473145,6.4706573,53370.51655021979,0.991799964569509,0.7162972288950462,1.2325418,122,0.6498257403948773
SMA09834_20230609_190000.wav,2023/Ustou_Col_dEscots/SM9834_572L_Rouge/Data/,2649.9166666666665,0.00074373046,7.220902e-07,-0.07733089530981052,10.382419368873661,34.07646894454956,-50.863007,1.1570720672607422,0.0028631869,0.9438905234116617,0.06293333333333333,118,7.155246138572693,0.06293333333333334,0.053183098591549294,1.1839647812166487,3.161979e-05,3.6301193e-10,1.5376264913106532,5.747910459024244,13,31.437094508365995,-61.56290550895737,-64.10505250434426,2.5421469953868865,0.9047906365403856,0.15986804660795784,0.5564752618919593,0.4110780406534159,0.19709444223900208,18.734806724567918,3.2042592970778094,312.8275,-0.094580166,0.82718456,0.0008387009,0.00069376046,2363.21425,0.0018121934,2.064354641131795,0.26438046688220884,0.13383137673425827,0.1439744053971642,0.26520811099252933,0.1426948539220918,267.41015625,14.148532152175903,0.015019468716648878,0.14694634672153295,0.06569507474639616,0.6894839,0.3333149866909177,4.903725624084473,6.641594,57228.49201001258,0.9944520555436611,1.0059425665068755,1.392375,122,5.093758337780149
SMA09834_20230609_200000.wav,2023/Ustou_Col_dEscots/SM9834_572L_Rouge/Data/,1140.2166666666667,0.0019095744,5.0905824e-06,0.03778467795315549,17.505587888020184,42.43425369262695,-44.98256,2.5417871475219727,0.0056347176,0.9325290474151631,0.17386666666666667,326,7.491679787635803,0.17386666666666667,0.1354805194805195,1.2840181430096052,6.0497856e-05,6.2597665e-09,5.225339095101807,38.707742764289684,20,40.05771025679415,-52.94229002556576,-60.84035886348271,7.898068837916952,0.6720228961770282,0.13090075075998742,0.4865989511248543,0.31550453078122964,0.19343839230475457,17.195389559129175,2.914784609611744,325.46692,-0.46171647,0.36825442,0.0071895,0.0026475652,2495.306,0.0129693365,1.7847113266260224,0.5376184159054382,0.15508578934406042,0.16081195685317887,0.24439701173959444,0.16015416555496267,300.12890625,16.44607663154602,0.03734387506670224,0.1786813707050085,0.16528046583021888,0.7105862,0.331996232115974,2.759319543838501,5.168871,23950.75283561576,0.9545532651245594,0.511311353178171,1.6088893,169,11.943557397278548
SMA09834_20230609_210000.wav,2023/Ustou_Col_dEscots/SM9834_572L_Rouge/Data/,6209.833333333333,0.0014058676,3.5273246e-05,-0.05363243681570332,14.050754870193769,48.73182773590088,-39.93341,4.266818523406982,0.010076959,0.8914820954563037,0.312,585,8.408443927764893,0.312,0.10400000000000001,3.001600853788687,0.00019619793,3.0139297e-08,2.219858377729896,8.361352233460488,18,48.45802444293808,-44.54197520661407,-58.42735033582357,13.8853751292095,0.8275110349608866,0.13723817419024242,0.28790312089664005,0.18692371135466546,0.2265069361266684,10.76345016652056,2.6534815759418477,417.1402,0.79263633,8.644894,0.0068691503,0.059383072,2222.2805,0.15062967,1.9637305611430704,0.3893641802427087,0.16191609884245958,0.2777171634395487,0.3767342582710779,0.26329459044823905,493.4140625,25.45628070831299,0.13457698272411953,0.2179571863318241,0.5723227171482915,0.8157672,0.3332715739379637,4.296825885772705,6.1570435,39804.182067511276,0.9895840249955654,0.8769945541025491,3.774841,61,5.0572805496264674
SMA09834_20230609_220000.wav,2023/Ustou_Col_dEscots/SM9834_572L_Rouge/Data/,1709.7166666666667,0.0014780026,3.6839058e-06,-0.06768262995156933,3.749246564193904,40.70579528808594,-43.632957,0.4605121612548828,0.0065819137,0.9896875210301419,0.0448,84,4.282010793685913,0.0448,0.0463448275862069,0.9671824973319103,5.5159937e-05,4.076755e-09,2.5190988826776284,9.597667839253582,18,38.617117237508204,-54.38288244460284,-56.93856814052654,2.5556856959236995,0.7650612298367195,0.09261071887694605,0.39189436093012164,0.2107220891770918,0.19388719274356436,11.831755431970784,2.5177409647970417,315.8725,-0.56037223,0.28174543,0.005753657,0.0016210666,2550.551,0.009049761,2.050829714298367,0.29352738169126447,0.14347754699942533,0.15445261282207653,0.26093916755602986,0.15309102354589116,286.892578125,13.330705165863037,0.027888832377267875,0.1602617452755855,0.13800527854711692,0.7093362,0.3332190543587785,3.9891278743743896,5.7651806,27023.482091318074,0.9850765690207481,0.40613518411472527,1.4529423,172,10.848285752401281
SMA09834_20230609_230000.wav,2023/Ustou_Col_dEscots/SM9834_572L_Rouge/Data/,1345.4666666666667,0.0012024797,2.868319e-06,-0.08268752200036585,3.402795987426211,39.369680881500244,-44.818424,0.2887287139892578,0.005742205,0.991692405501682,0.0224,42,3.9342868328094482,0.0224,0.035368421052631584,0.6336712913553895,4.2007785e-05,3.8043138e-09,2.7800019528746405,10.78262448314783,3,37.55044628051237,-55.44955352597107,-57.52136258024281,2.071809054271739,0.7074118044634352,7.922848951025241e-05,0.004611951560417493,0.0031369478129202877,0.18069258188391202,9.002812841866442,1.8883515240394753,295.9718,-0.7810222,0.12295066,0.0051339664,0.00063122454,2563.7245,0.0065863417,2.0686878135563567,0.24844996098240238,0.14768081438305555,0.12701297835035827,0.22678762006403416,0.12960766575506938,242.884765625,5.549636483192444,0.0025815851787620065,0.06984049648268399,0.018118284503470368,0.66219395,0.33314651031590375,3.74336838722229,5.4032545,17672.396094500058,0.9805691614747047,0.15698568271738697,1.2045565,39,0.3514374332977588
SMA09834_20230610_000000.wav,2023/Ustou_Col_dEscots/SM9834_572L_Rouge/Data/,675.9833333333333,0.0015442646,3.6240217e-05,-0.08751059967451398,6.107343557039135,48.88927936553955,-37.66807,1.6552863121032715,0.013079663,0.9526910215980154,0.18933333333333333,355,5.813655853271484,0.18933333333333333,0.08671755725190841,2.1844983991462112,8.3436615e-05,6.4151216e-08,5.46298124272043,35.83639634404384,2,48.61218221621034,-44.38781772261287,-48.93741351594966,4.549595793336785,0.49282542023705733,6.438784600126812e-05,0.0031012521598485776,0.0021427028064654463,0.17761587979232396,8.194700016868433,1.7196524837024296,296.36075,-0.98281157,0.008668721,0.06801832,0.0005896318,2538.959,0.08258546,0.6494000755552884,0.8425244208190051,0.18541170675642393,0.12730480065558775,0.19850586979722518,0.13466974052828173,252.37109375,5.999234318733215,0.006951624199573105,0.07668426989265725,0.041841505939668976,0.6642663,0.33112980409835774,2.5095412731170654,4.03858,3109.042707199213,0.9306786432862282,0.012833237422956813,1.214051,75,2.0697496998399147
SMA09834_20230610_010000.wav,2023/Ustou_Col_dEscots/SM9834_572L_Rouge/Data/,581.9666666666667,0.0022919148,2.0933514e-06,-0.08121572391898108,3.2543727211000584,41.68124198913574,-43.92016,0.14656448364257812,0.006367838,0.9965536824833267,0.004266666666666667,8,3.4354081749916077,0.004266666666666667,0.032,0.13340448239060831,3.8446717e-05,2.5640887e-09,2.667909135185471,10.627812738718438,4,36.15891897157993,-56.84108091620128,-58.740821845595974,1.8997409293946959,0.733898126373846,8.649259396464881e-05,0.03606817954215191,0.031652385120365834,0.1784939785591727,6.745208547431473,1.592356728177533,296.82843,-0.6932083,0.1811896,0.0036556982,0.0006623745,2568.668,0.0048003425,2.070059116450924,0.24385642601347435,0.14009523027666038,0.1279658675102912,0.21611526147278548,0.12951073906083246,242.703125,5.561460256576538,0.002293931763607257,0.07497991727941178,0.016293421316070478,0.6669849,0.3331626985454932,3.7886862754821777,5.569372,21708.799805409366,0.9823296219110489,0.2144640581028565,1.2046278,52,0.1894760538954109
SMA09834_20230610_020000.wav,2023/Ustou_Col_dEscots/SM9834_572L_Rouge/Data/,1287.65,0.0013053784,7.0971537e-06,0.006129298706206459,3.1530240965687,42.46600151062012,-41.49314,0.27364444732666016,0.0084206015,0.9933812487596222,0.016,30,3.7896397709846497,0.016,0.03310344827586207,0.48359124866595515,5.9789563e-05,1.0253739e-08,2.895905050400699,11.447109099411547,4,41.50045939462206,-51.49954010887008,-53.26671462854912,1.7671745196790383,0.6796797931036416,7.321412345662193e-05,0.045439655374852506,0.04310092617512984,0.17980540456584815,10.496640977184958,1.9450959676378492,297.29736,-0.8201078,0.09883603,0.012994039,0.0012842792,2589.44725,0.016355606,2.0604298368999427,0.27194726235281264,0.13539939249651095,0.1283136720536667,0.20437566702241194,0.12915846784951973,242.04296875,5.566099286079407,0.0018770427561366064,0.06747358630952381,0.013849408118659905,0.6662101,0.3331030268454924,3.6387436389923096,5.2289577,12572.253779246033,0.9780244678258896,0.10506648749563358,1.2038741,33,0.07128802027748132
SMA09834_20230610_030000.wav,2023/Ustou_Col_dEscots/SM9834_572L_Rouge/Data/,680.75,0.0019692103,1.6288668e-06,-0.09745722303630205,3.110431562421244,40.42947769165039,-45.129402,0.080841064453125,0.0055402555,0.9959331154717174,0.0016,3,3.3704689145088196,0.0016,0.032,0.05002668089647812,3.561457e-05,1.88005e-09,2.3446040421150744,8.084327198982969,2,35.0736639083486,-57.92633588804688,-59.83739314183707,1.9110572537901902,0.7581119841908563,6.376297680088516e-05,0.0029933841141329687,0.001919077741379449,0.17983861250278455,20.719924024141577,2.675380225438589,296.2182,-0.66220975,0.20321754,0.0028036023,0.0005697411,2563.7115,0.0037629553,2.066138336946003,0.25653788745929307,0.14058780067317955,0.1264019381765513,0.2214514407684098,0.1282006653548559,240.248046875,5.491234064102173,0.002092782817502668,0.0705613393193816,0.01469666602709557,0.6638115,0.3332364246016368,4.071564197540283,5.7222443,24860.539155311562,0.9858904834836721,0.24994931503718668,1.2020785,26,0.15174759871931698
SMA09834_20230610_040000.wav,2023/Ustou_Col_dEscots/SM9834_572L_Rouge/Data/,1342.45,0.0012841475,2.257827e-06,-0.07836174598378073,3.206467285834881,38.93887996673584,-45.280857,0.18086910247802734,0.005444489,0.9937977018663119,0.008533333333333334,16,3.613539934158325,0.008533333333333334,0.032,0.26680896478121663,3.9681443e-05,2.80514e-09,2.5662311879392514,9.474073136672514,5,36.507199244926646,-56.49280041589733,-58.487886475668454,1.9950860597711255,0.7335514093497066,7.415142725719637e-05,0.004033635115465728,0.002572456599026829,0.18039002829149287,14.895614874424764,2.3518268373206297,296.3693,-0.7122126,0.1680792,0.0039729252,0.0006677661,2570.833,0.0052134558,2.070785495411754,0.24143870138873388,0.145850094409326,0.1262840181430096,0.22358591248665954,0.12873115661686232,241.2421875,5.552392601966858,0.0027014407684098187,0.07351193455486409,0.018313805559263215,0.66348004,0.3331961785249102,3.8978939056396484,5.567724,21092.95144534085,0.9833236169070005,0.20214971074503285,1.2024612,43,0.2282467315901814
SMA09834_20230610_050000.wav,2023/Ustou_Col_dEscots/SM9834_572L_Rouge/Data/,1255.9166666666667,0.0013350274,3.3709282e-06,0.012650773394214752,3.616305368389587,40.14139175415039,-44.253532,0.36287975311279297,0.0061280658,0.9909794620792907,0.0352,66,4.126760959625244,0.0352,0.04224,0.833778014941302,4.4061224e-05,4.662831e-09,3.4504615349082837,17.841313169039406,4,38.29091576318182,-54.70908358249045,-57.317134986507966,2.608051404017516,0.6784315048053124,7.633846945853673e-05,0.0037065160890666915,0.0023452385360386296,0.179887781633432,16.98890427173975,2.4005251967747663,297.08398,-0.79189634,0.11613604,0.0061060945,0.0007091376,2563.968,0.00788767,2.0357257778956703,0.32162778083288013,0.1445694113783762,0.12734887177923462,0.22625400213447172,0.1295117812833511,242.705078125,5.534992218017578,0.002236609525080043,0.06842967379385965,0.016032726575013347,0.66235346,0.3327984759040798,3.2174489498138428,5.217703,16111.732043114336,0.9714086391031742,0.14413948514144148,1.203443,44,0.20500516942369265
SMA09834_20230610_060000.wav,2023/Ustou_Col_dEscots/SM9834_572L_Rouge/Data/,7211.566666666667,0.001299135,0.00014878823,-0.14185587642747668,21.94245003463387,54.79526996612549,-35.426308,5.744141101837158,0.01693108,0.8428601512702936,0.31893333333333335,598,10.099595785140991,0.31893333333333335,0.10343783783783783,3.0849786552828173,0.00037980225,1.4653682e-07,1.7010754993648356,5.142005365771218,20,54.728443307599115,-38.27155665927454,-54.55812759736012,16.286570938085582,0.815196389228506,0.09265500648152303,0.2878478980810565,0.1849887257670385,0.2324470327128182,13.052852123251588,2.870492392693186,410.72937,0.9591169,47.91988,0.0057353773,0.2748386,2397.5405,0.70075166,1.9464704886046726,0.4062181657274168,0.14043182004761515,0.30066749885653304,0.35965848452508004,0.2806267509338314,525.89453125,21.328506469726562,0.12844350320170755,0.18096800653920125,0.6078749624599573,0.8432366,0.3332919105644881,4.4965338706970215,6.0807905,32476.345202235683,0.9907025480642915,0.453846393409319,2.8091788,68,2.6810132070437565
SMA09834_20230610_070000.wav,2023/Ustou_Col_dEscots/SM9834_572L_Rouge/Data/,4888.766666666666,0.000911258,8.795482e-06,-0.02587186968649431,10.203954039359,42.855000495910645,-43.12386,3.1797351837158203,0.0069792233,0.9252712985603826,0.2826666666666667,530,7.082949876785278,0.2826666666666667,0.08233009708737865,3.435165421558164,0.00011521563,3.8102788e-09,0.6687963822259739,3.0441466828820554,24,42.41882955901572,-50.581170359881696,-57.92489387041593,7.3437235105342324,0.9294806187717178,0.04249042896635846,0.1762022056145437,0.10645875766116963,0.18557372703500585,5.363772969670966,1.6234540448545718,396.6779,0.5813459,3.777214,0.0035439448,0.013386238,2643.55775,0.039287418,2.025076345628723,0.32324285152042653,0.13776373039980297,0.26274012806830305,0.272145144076841,0.24712659251600855,463.115234375,17.39388108253479,0.10200961346051227,0.1701919239732547,0.5093323503403631,0.82462376,0.3333258344767576,5.351073741912842,6.7964034,60794.02445813067,0.9960109866224229,0.7950258598966452,2.4372473,32,3.253193369797225
SMA09834_20230610_080000.wav,2023/Ustou_Col_dEscots/SM9834_572L_Rouge/Data/,5720.716666666666,0.0018785894,5.5615554e-05,-0.0712940612943812,12.810699974659615,50.739755630493164,-38.298645,4.80039119720459,0.012163762,0.8919361318424486,0.34826666666666667,653,8.666844964027405,0.34826666666666667,0.11418579234972678,3.0516275346851653,0.00023632568,5.2443262e-08,2.3275917068061927,8.913312566817462,25,50.438706581308736,-42.561293162087125,-56.61717731961862,14.055884157531494,0.8071929281512207,0.09391388359433872,0.37269002146888996,0.23962369565037223,0.22151268085704046,13.21938398323144,2.926417008747843,412.49103,0.9083916,20.832054,0.004789568,0.099776536,2473.648,0.22617665,1.9301903099874969,0.4402441601673983,0.14283720548395043,0.2852259300198201,0.3297758804695838,0.267442636072572,501.1875,23.45639705657959,0.1280412053094984,0.19275919030361338,0.5661963907334491,0.8289979,0.3332541332007774,4.172460079193115,6.029535,35292.48656287506,0.9880867069587111,0.43485654384378397,3.3238716,94,5.998615928495197
SMA09834_20230610_090000.wav,2023/Ustou_Col_dEscots/SM9834_572L_Rouge/Data/,4214.083333333333,0.0010840865,3.2179367e-05,-0.0904862999195938,48.44472740009609,48.25215816497803,-43.16318,7.6272783279418945,0.0069477027,0.7736676254625062,0.22773333333333334,427,13.469786643981934,0.22773333333333332,0.15015384615384617,1.5174759871931696,0.00019078405,2.6067543e-08,1.5682034344863633,5.081554678950905,25,48.04914327634463,-44.95085696867474,-57.08849676861185,12.137639799937105,0.8500302903913953,0.1416175699811063,0.33766176775750767,0.17195106422705786,0.20596992198953346,9.317210836069776,2.3605461717033096,397.9456,0.8374674,11.305227,0.0049291234,0.05572486,2618.8365,0.14779337,1.7182800127319984,0.5643739396601912,0.13303505459321896,0.2245542860954414,0.27694770544290287,0.21312304062166487,399.392578125,26.88730001449585,0.08476812633404482,0.19986404859674806,0.35724955577616124,0.79985774,0.333301466392489,4.627664566040039,6.2988715,41040.9503857953,0.9922460895031691,0.5431676025920531,3.368585,171,18.850470250800427
SMA09834_20230610_100000.wav,2023/Ustou_Col_dEscots/SM9834_572L_Rouge/Data/,2673.2166666666667,0.001789835,8.116458e-06,-0.017590057688997136,12.632798047998122,43.55905055999756,-42.433487,2.2349414825439453,0.0075565903,0.9408522885696481,0.16,300,7.167039513587952,0.16,0.1142857142857143,1.4007470651013874,0.00010330998,5.0851945e-09,1.0575472863829611,3.647411062420272,19,42.067750960071706,-50.93224886781283,-56.8781154170118,5.945866549198968,0.8927926681957938,0.08551017393572691,0.33453554714800604,0.1594690676235152,0.1904647533037367,4.697769354237915,1.5799138293830814,354.45477,0.30431813,1.8748775,0.005638724,0.010571917,2570.9845,0.028750928,1.8411580929397673,0.5001564525200507,0.13723832197684918,0.1941976196828785,0.25560298826040556,0.18711854655816434,350.66015625,19.43834900856018,0.06817385939167556,0.20819323035477144,0.29487833897824345,0.763278,0.33331843827545526,5.0079345703125,6.566802,50207.23649318755,0.9945582770742476,0.7645669248974056,2.1234858,194,20.818811699573107
SMA09834_20230610_110000.wav,2023/Ustou_Col_dEscots/SM9834_572L_Rouge/Data/,4467.883333333333,0.0016775792,1.6481385e-05,-0.008639817837447869,18.94207911960115,45.87519645690918,-41.709534,4.405256271362305,0.008213409,0.8954330218911463,0.2832,531,8.732920289039612,0.2832,0.12224460431654675,2.3179028815368197,0.00016410054,5.7017893e-09,1.068342643624003,7.797372013149238,20,45.228973181223424,-47.771026653642664,-57.37855539749053,9.607528743847865,0.9429804160603774,0.06277797918644912,0.418306644726388,0.16067256570344723,0.19181744016677038,6.847443985944219,1.9463407526678944,390.06537,0.7420674,6.7539635,0.0041694907,0.028160587,2448.50025,0.072551034,1.9238330480525825,0.44197034104432936,0.13208275182661522,0.250156035599939,0.3030949839914621,0.23542451807630735,441.185546875,22.042829990386963,0.11814530249466382,0.22682081523483438,0.4482646072477309,0.79715866,0.33332080455390195,5.09443473815918,6.8805923,66484.73890691432,0.9959630900993943,0.8367340369524037,3.0488553,94,22.351608357790823
SMA09834_20230610_120000.wav,2023/Ustou_Col_dEscots/SM9834_572L_Rouge/Data/,2494.366666666667,0.0019032235,1.8744353e-05,-0.07399388061339815,15.09441560601416,46.51659965515137,-41.201157,3.7855544090270996,0.008708481,0.9132036491935157,0.2864,537,7.874235510826111,0.28640000000000004,0.17534693877551022,1.6342049092849518,0.00012950784,1.977882e-08,4.549700034558393,28.27324754783087,14,45.72170408337811,-47.27829562071897,-55.81339225895192,8.53509663823295,0.7315572514037689,0.04983873454552834,0.3982812661901818,0.23473534389579875,0.1884887254922567,5.331902762612969,1.6885380363846836,384.75516,-0.44350338,0.385518,0.025995556,0.0100217555,2648.52325,0.056192134,1.8445689749648548,0.4902221017121812,0.19165093177900008,0.21073024660771458,0.23585912486659552,0.20846326374066165,390.66015625,17.172900438308716,0.06753914587780149,0.18612278957904704,0.3332656395989055,0.8018756,0.33278521270646405,3.2052013874053955,5.5488954,32002.02756743193,0.9709748718887568,0.619386886295204,2.1995487,143,13.746081243329774
SMA09834_20230610_130000.wav,2023/Ustou_Col_dEscots/SM9834_572L_Rouge/Data/,3412.25,0.0012381284,9.101004e-05,-0.13338708439933758,27.97051674567664,52.68404006958008,-38.36328,7.3230180740356445,0.012073582,0.8388863205472983,0.34826666666666667,653,11.47767424583435,0.34826666666666667,0.15711278195488723,2.2178495197438632,0.0003119178,7.869923e-08,1.2607806272815745,3.6114491659221724,21,52.547626421998416,-40.45237284461953,-52.65287395003782,12.20050110541829,0.8477592021592016,0.10682922698834496,0.2705617508476915,0.1805484833377875,0.19664799617976225,28.393653431405756,3.6280569719808216,420.32635,0.6977452,5.6169333,0.025753308,0.14465462,2735.388,0.41673648,1.8241764725258813,0.501592020430742,0.16124291930055004,0.266022831224272,0.25987193169690503,0.2530016008537887,474.125,25.318853855133057,0.12877701440768408,0.23164843473625507,0.5068557503003204,0.80696476,0.33331039540886803,4.79205322265625,6.285042,37148.28273860652,0.9929126808419824,0.5579819620425669,3.9048471,41,16.102859024813235
SMA09834_20230610_140000.wav,2023/Ustou_Col_dEscots/SM9834_572L_Rouge/Data/,2915.7833333333333,0.002212092,2.1757227e-05,-0.024399071139133085,14.271744304776393,47.27766513824463,-39.88436,3.4387364387512207,0.010134025,0.9114994942291309,0.21813333333333335,409,8.273019194602966,0.21813333333333335,0.10816528925619835,2.017742796157951,0.000152025,1.9312303e-08,1.576909560901787,4.979617851489309,18,46.368805318719964,-46.631194550910095,-54.51093050263271,7.8797359517226155,0.8366223700566633,0.15184660068267852,0.3298987052465855,0.1718666287763565,0.20482571372544056,21.427465744007005,3.478784536270611,341.51154,0.37894496,2.2203264,0.013067457,0.02901402,2599.9255,0.07725518,1.908278904770162,0.4489635203143374,0.15851736310647727,0.18975358286324134,0.2545357524012807,0.1859043573239061,348.384765625,20.048339366912842,0.06324623132337247,0.19944093946353347,0.26278029898558464,0.74736917,0.3332986105281937,4.584750652313232,6.2149625,37090.82796515225,0.9917152784764767,0.7747204441875597,2.0803275,176,16.567377601387406
SMA09834_20230610_150000.wav,2023/Ustou_Col_dEscots/SM9834_572L_Rouge/Data/,2553.5666666666666,0.0015691026,7.2473104e-06,-0.008329552181226356,17.062161641399445,42.89252281188965,-43.157276,2.336176872253418,0.006952424,0.9307136611287544,0.12426666666666666,233,8.23906421661377,0.12426666666666668,0.1165,1.0672358591248665,9.6551135e-05,4.8228e-09,0.9606910742933721,3.186823162264462,16,41.598704979806165,-51.40129473266636,-56.96259056288103,5.561295830214675,0.888825219532223,0.09088404905899572,0.27796215489644305,0.15761273744648596,0.18558309632764947,12.001012984298097,2.176072379361206,345.2265,0.2562169,1.688956,0.0053111436,0.008970288,2577.237,0.029485673,2.0406419144945698,0.31361888019748696,0.14227074952795338,0.1719786266961427,0.23425827107790823,0.1682939234258271,315.3828125,16.226844787597656,0.03973994463713981,0.19095964354993872,0.17508910546249332,0.740765,0.3333195108862128,5.045302391052246,6.5420656,47996.07582099687,0.9945855736732483,0.7198434371904207,1.7814343,171,12.553257570704377
SMA09834_20230610_160000.wav,2023/Ustou_Col_dEscots/SM9834_572L_Rouge/Data/,2069.5833333333335,0.0015667516,4.206212e-06,0.08948620076001064,5.922572979309324,41.25594615936279,-43.31222,0.8809576034545898,0.006829505,0.9744387697421204,0.0864,162,5.385901927947998,0.0864,0.05344329896907217,1.6175293489861258,7.055112e-05,3.1903438e-09,2.6331756417990673,11.056376328492961,19,39.21375329887519,-53.78624687009287,-57.18730360137921,3.401056731286346,0.8400629403147241,0.06796494031015432,0.3761693712852564,0.19063082599457049,0.20274695859083192,16.39244298321385,2.9987541080762927,354.54266,-0.32141733,0.5135264,0.005569587,0.0028601298,2460.4795,0.0115271,2.052201931619562,0.29018430848643034,0.1507101223216485,0.1820995006860802,0.28281750266808964,0.17822109291622196,333.986328125,16.282283067703247,0.039287620064034155,0.1715970390882307,0.2088164875867592,0.75462544,0.3332634876326968,4.235304832458496,6.235192,45114.33659169686,0.989284398034215,0.7285752610710162,1.818236,155,10.055779749199573
SMA09834_20230610_170000.wav,2023/Ustou_Col_dEscots/SM9834_572L_Rouge/Data/,1614.8166666666666,0.002082762,1.7683135e-05,-0.018425837697702157,4.355794386080541,46.448974609375,-38.93998,0.9398894309997559,0.01129799,0.9765235661361384,0.13226666666666667,248,4.656020700931549,0.13226666666666667,0.062,2.134471718249733,9.666507e-05,2.5111808e-08,5.142955562574288,33.01327220823915,17,45.465340589524786,-47.5346593148891,-51.94150568942604,4.40684637453694,0.602661070096318,0.06286319572365096,0.3973797361513334,0.2839448869468323,0.19688642370617904,9.73319739132505,2.338494894956993,368.7343,-0.80612063,0.10734577,0.030294705,0.0032520085,2602.31225,0.042286757,1.918834925819948,0.43453635770114474,0.1789836630818488,0.18903653377039184,0.2390608324439701,0.18783976454108858,352.01171875,15.733753442764282,0.0416399162886873,0.1537857190508801,0.24075159336625734,0.7820692,0.3319654646329582,2.7479445934295654,4.734058,16510.566239996366,0.9503651335835457,0.27813700827612314,1.8748621,175,12.41839397678762
SMA09834_20230610_180000.wav,2023/Ustou_Col_dEscots/SM9834_572L_Rouge/Data/,1069.75,0.0020107748,3.4273075e-06,0.061728024125344526,4.379992726334383,41.754112243652344,-43.30902,0.48564910888671875,0.0068320204,0.9910836069917203,0.042133333333333335,79,4.316314160823822,0.042133333333333335,0.05159183673469388,0.8171024546424759,5.0743976e-05,4.066798e-09,2.98783244429941,12.253373881254415,10,38.3155246325154,-54.68447551727561,-57.47825691171855,2.793781394442945,0.7316195473417482,0.04699308020699744,0.8114670815010927,0.5924607371096737,0.1888473896331626,15.31863826700686,2.558862193943219,316.46106,-0.66507846,0.20114458,0.0057626497,0.0011591257,2576.575,0.008291215,1.9552354793839588,0.41435698168616997,0.14314095722847053,0.1434646096966001,0.25667022411953044,0.14342232524012805,268.7734375,9.906573295593262,0.009548842716115263,0.12399142377372557,0.05829786146890016,0.71279097,0.33315628505079076,3.770237922668457,5.5544996,24192.221907061958,0.9810191486030817,0.28539887661234203,1.3366463,255,4.295936999733191
SMA09834_20230610_190000.wav,2023/Ustou_Col_dEscots/SM9834_572L_Rouge/Data/,3144.0833333333335,0.001374451,8.943855e-06,1.4857500552127016,501.08745474698173,43.36807727813721,-40.690655,4.127778053283691,0.009235647,0.6240031610043948,0.12266666666666666,230,11.427555084228516,0.12266666666666667,0.045432098765432104,2.7014407684098183,0.00010399578,6.847044e-09,4.411278094689649,28.075268465462276,16,42.56313930812464,-50.43686066690131,-54.301689874440484,3.8648292075391737,0.8158577962853575,0.01568400892195243,0.16584054642519086,0.11708356489253258,0.20741992187987102,27.031339636368724,4.032731116184592,342.36765,-0.31918246,0.5160905,0.012025459,0.006206225,2474.5335,0.026925538,2.0723951520920387,0.23764466877105886,0.14688449224201625,0.1751588942674188,0.23479188900747064,0.17162486659551762,321.625,11.054847240447998,0.01699969150213447,0.13066882282284564,0.1080579701681794,0.7497766,0.33305750975462917,3.5485684871673584,6.080326,46843.65044554899,0.9817644711583853,0.8051607626451065,1.4535468,183,2.9367746131270014
SMA09834_20230610_200000.wav,2023/Ustou_Col_dEscots/SM9834_572L_Rouge/Data/,2614.366666666667,0.001342887,3.7933553e-06,-0.007070673516073878,11.151615816358252,40.499916076660156,-44.663616,2.075162887573242,0.0058454676,0.9470605528178253,0.15306666666666666,287,6.928085088729858,0.15306666666666668,0.09003921568627452,1.700907150480256,7.1872215e-05,2.1746522e-09,1.3009744226502824,4.826261140979214,17,38.749817471166416,-54.250181935245074,-58.92141793794528,4.671236002700205,0.8978816730531911,0.060410427894858953,0.22730549288597923,0.14108682170403353,0.19392857659517504,13.996793418601733,2.6898881666823646,360.341,0.19432163,1.4823802,0.0030356415,0.0044999747,2459.64075,0.013269571,2.0652360665850695,0.2630248662187116,0.13104835399392492,0.19417856189967983,0.25720384204909286,0.1862878952107791,349.103515625,15.382460355758667,0.042516425426894336,0.18634715038847421,0.18209527662840364,0.7800051,0.3333156829260891,4.923069953918457,6.598464,53492.83111349246,0.9943914720788598,0.7770734512617339,1.7983766,103,11.308843883404482
SMA09834_20230610_210000.wav,2023/Ustou_Col_dEscots/SM9834_572L_Rouge/Data/,2223.116666666667,0.0017407944,5.4132897e-06,0.012282261684092709,18.109652023258935,42.28590488433838,-43.644783,2.3198957443237305,0.0065729613,0.9340318091497404,0.15466666666666667,290,7.45705783367157,0.15466666666666665,0.09009708737864078,1.717582710779082,9.004794e-05,2.3980125e-09,1.006680868493995,5.131602512322764,21,40.30733980156214,-52.69266016683446,-57.98776024731794,5.295100080483479,0.9253915592648038,0.06449629137884438,0.2018440256867413,0.12945027312860513,0.19141345687338385,9.002041028376295,2.1886969715816513,380.0851,0.22072579,1.5664907,0.0041694273,0.006531369,2560.172,0.021504382,2.0155867609858764,0.34607899289364036,0.1316312289631393,0.19954332787010218,0.2497331910352188,0.1910310498932764,357.9921875,19.043304920196533,0.06212688433831376,0.18970089069750445,0.3075872076047784,0.7685092,0.3333212140363078,5.111049652099609,6.7706366,60386.34463433362,0.9954995061270893,0.9471169147302123,2.2203767,127,14.208828041622198
SMA09834_20230610_220000.wav,2023/Ustou_Col_dEscots/SM9834_572L_Rouge/Data/,1915.2333333333333,0.0010968547,2.1771036e-06,-0.02711244924006893,4.358532322825701,38.3100152015686,-45.704437,0.3832254409790039,0.0051853526,0.9900872071855595,0.029866666666666666,56,4.63613748550415,0.029866666666666666,0.043707317073170736,0.6836979722518676,4.587265e-05,2.1058826e-09,1.9426047510260798,6.480336734274903,15,36.3357089369925,-56.66429122675111,-59.08277503614707,2.4184838093959584,0.8105281685902197,0.06275181278868325,0.6129051294990598,0.390208112338571,0.18325480721969856,7.899259692885159,1.875582652371822,312.06845,-0.46716794,0.36317044,0.0033514826,0.0012171594,2581.882,0.0054846313,1.98510574903108,0.3854906628310356,0.14067810524587473,0.1433169118768105,0.2310565635005336,0.14295645177427962,267.900390625,11.19103193283081,0.016348302427961578,0.14174163146268193,0.08661582771623064,0.6946971,0.3332793230219977,4.363861560821533,6.0511274,33122.50302208758,0.9896338116377592,0.42908158974605454,1.3497467,121,6.105131069903949
SMA09834_20230610_230000.wav,2023/Ustou_Col_dEscots/SM9834_572L_Rouge/Data/,1032.3166666666666,0.001718315,2.544707e-06,-0.06363296653618956,3.7402360505355294,40.42210102081299,-44.403553,0.262603759765625,0.0060231322,0.9943135545218637,0.0208,39,3.891843557357788,0.0208,0.04622222222222222,0.45024012806830305,4.077823e-05,3.257797e-09,3.2006203302092895,15.104727330485316,6,37.012933704088574,-55.98706597096735,-58.44020414304509,2.453138172077736,0.705504172900065,7.540116565796229e-05,0.004297798569926403,0.0028113909595222086,0.1798347407050298,23.92393470594055,2.911242453522761,296.42023,-0.7190088,0.1634612,0.0044598193,0.00072900736,2572.02,0.0057614394,2.0066809437511908,0.36117704304797316,0.14014448731631227,0.12719640951364536,0.23159018143009605,0.12882912553361792,241.42578125,5.635156035423279,0.0027577207844183566,0.06553122889590282,0.01674963711292045,0.6630538,0.3329934745949383,3.4441840648651123,5.3892064,19742.603546525115,0.9764337092638016,0.19670895349345063,1.2053063,19,0.5832277214514408
SMA09834_20230611_000000.wav,2023/Ustou_Col_dEscots/SM9834_572L_Rouge/Data/,1490.1833333333334,0.0011984285,1.3538447e-06,-0.08360193173395977,2.9953359929809737,37.47675657272339,-47.338142,0.2728414535522461,0.004296285,0.9942083972652064,0.013333333333333334,25,3.3961278200149536,0.013333333333333334,0.032,0.416889007470651,3.469418e-05,1.4095713e-09,2.1864206766827268,7.924610768041334,5,34.26452159416467,-58.735478240612615,-60.44981971101165,1.7143414703990345,0.7883322405433331,8.961693996656361e-05,0.004527203675115943,0.0026119014673008367,0.18190371427176666,31.676530609814005,3.424540843593215,296.34143,-0.5262439,0.3104065,0.002249201,0.00069816667,2578.3595,0.003076683,2.073342926321598,0.23175712441376534,0.13170511452261718,0.12602673806982773,0.2406616862326574,0.1267269627134472,237.486328125,5.466485023498535,0.0017363427161152616,0.06260140613063409,0.012774042311799252,0.6693154,0.33324901477317326,4.141148090362549,5.9116282,29837.265447052672,0.9875962538644671,0.32775356736905376,1.2009751,30,0.07055846451440768
SMA09834_20230611_010000.wav,2023/Ustou_Col_dEscots/SM9834_572L_Rouge/Data/,656.0,0.0018483746,1.228877e-06,-0.12225910742600785,3.114241695268194,39.690797328948975,-45.929028,0.10084247589111328,0.0050529945,0.9966288490422369,0.0,0,,0.0,0.0,0.0,3.304638e-05,1.2688941e-09,2.2989107826171513,8.550767537759938,3,33.82358084411547,-59.17641914866367,-60.89367104359979,1.717251894936119,0.7857332387234942,6.555947575193066e-05,0.003662540919089907,0.0024932544278787327,0.17720063044362333,20.73575155170309,2.634378024432065,296.11224,-0.5333708,0.30431592,0.0020200026,0.00061471894,2562.398,0.002792828,2.0737089849052506,0.23017364893977915,0.13022740333305968,0.12785747636834885,0.21558164354322304,0.12817252534685164,240.1953125,5.450590252876282,0.0018072138473852722,0.06557400412087913,0.013458366007074212,0.6635335,0.3332413637835998,4.097720146179199,5.895138,30211.149664215092,0.9870508657768369,0.3343068792150134,1.2014444,20,0.028452674759871933
SMA09834_20230611_020000.wav,2023/Ustou_Col_dEscots/SM9834_572L_Rouge/Data/,1253.2,0.0014638738,3.4426039e-06,-0.014723557813375386,3.240774638686058,40.49124717712402,-43.731686,0.2287158966064453,0.006507525,0.9951670239773692,0.0112,21,3.3863672614097595,0.0112,0.032,0.35018676627534684,4.5713598e-05,4.595579e-09,2.8032443500479993,11.065076960202651,4,38.34391603808496,-54.65608384601027,-56.404387014286414,1.748303168276145,0.7059684496206607,9.12572216176244e-05,0.004725677754886637,0.002857943714950517,0.17926920724878592,19.908171296578065,2.6137102500261262,296.15387,-0.74612105,0.14539598,0.0061763036,0.0008980097,2576.0015,0.007889355,2.0683022827884057,0.2492924866158436,0.13619571463755029,0.12725477397469126,0.24279615795090714,0.1283715898479189,240.568359375,5.46128511428833,0.0019156049893276413,0.06913829365079366,0.01407751601708489,0.6647869,0.3331382739706896,3.721797227859497,5.3940277,17157.02971766575,0.9801338855177164,0.16216832734539247,1.2017207,18,0.02167822838847385
SMA09834_20230611_030000.wav,2023/Ustou_Col_dEscots/SM9834_572L_Rouge/Data/,1206.6166666666666,0.001558862,2.5550853e-06,-0.07465940337952578,3.237441636764248,39.99737024307251,-44.415108,0.18086528778076172,0.0060151247,0.995168858851282,0.008533333333333334,16,3.4129011631011963,0.008533333333333334,0.032,0.26680896478121663,4.2010248e-05,3.1683354e-09,2.6222982230150556,10.439283346241861,4,37.02398316726334,-55.97601656196872,-57.889825269867174,1.913808707898454,0.7330196389932389,0.00010469190942574702,0.00631940665045605,0.004182510202456191,0.1837557789449623,29.152554770739744,3.369911629885289,296.08453,-0.6761623,0.19320185,0.0044861715,0.0008667367,2583.53175,0.0058789738,2.0692831037093935,0.2460336966057545,0.14868237418931124,0.1270665783656045,0.24119530416221985,0.12975774579775878,243.166015625,5.598954558372498,0.003138132003735326,0.07329592034003975,0.02157248982247731,0.66068333,0.33316250461696956,3.788118362426758,5.5639124,20814.666451990528,0.9823690839111805,0.20943439992248986,1.2050519,44,0.47504502401280685
SMA09834_20230611_040000.wav,2023/Ustou_Col_dEscots/SM9834_572L_Rouge/Data/,945.1666666666666,0.0015868215,1.1941866e-06,-0.09585837960644171,2.9823304363414143,38.71690034866333,-46.703613,0.159271240234375,0.0046218876,0.9955404524543796,0.0037333333333333333,7,3.3502262830734253,0.0037333333333333333,0.032,0.11672892209178228,3.3424894e-05,1.1768377e-09,2.0218448962857587,6.919261275562217,6,33.698749599692704,-59.30125039141507,-61.02598645276055,1.7247360613454816,0.8029838629723711,8.508663826378715e-05,0.004811284835338769,0.0028410722465402882,0.1819834697136009,30.15096704392932,3.3601180634530006,296.3147,-0.49126413,0.34114406,0.0019336795,0.00065966323,2586.007,0.0027162025,2.074073285633432,0.2289489484165202,0.13337164436417373,0.12663539602073487,0.24706510138740662,0.1274565184765208,238.853515625,5.4539793729782104,0.0017780316168623266,0.06783090277777779,0.012936976524959957,0.6663756,0.3332703652558848,4.287135124206543,6.0037518,32172.04286420553,0.9890173310413957,0.3575978878738932,1.2001388,18,0.04658734658484525
SMA09834_20230611_050000.wav,2023/Ustou_Col_dEscots/SM9834_572L_Rouge/Data/,612.8333333333334,0.0024758398,2.6795012e-06,-0.05461152679563298,3.3097134758734406,42.47000694274902,-43.11606,0.19744300842285156,0.006985495,0.9956275773294802,0.0037333333333333333,7,3.633306324481964,0.0037333333333333333,0.037333333333333336,0.10005336179295624,4.2435197e-05,3.3905452e-09,2.804395896683608,11.767929630589073,5,37.245453561644155,-55.75454682020026,-57.62917001344684,1.8746231932465776,0.7225783047307897,0.00010875355922823626,0.0064097002499110545,0.004343101586953946,0.1847134933326543,12.118125228809726,2.276658142707067,296.3969,-0.6766802,0.19283333,0.004728838,0.0009118776,2586.611,0.006184012,2.0671864421474386,0.2528206473865694,0.1406288482062228,0.12822195647202317,0.2310565635005336,0.12975774579775878,243.166015625,5.5292898416519165,0.0024419273612593384,0.0732731398809524,0.017596895021356113,0.6637531,0.33312317470942315,3.6845178604125977,5.497834,20033.158592718228,0.9805272091180086,0.205625750326728,1.2038219,21,0.09390424893276414
SMA09834_20230611_060000.wav,2023/Ustou_Col_dEscots/SM9834_572L_Rouge/Data/,8196.666666666666,0.0014730552,8.0353806e-05,-0.020361608988784988,6.398197488887235,52.18638896942139,-33.17553,2.014397621154785,0.021939337,0.9396255804516748,0.28373333333333334,532,5.706014037132263,0.28373333333333334,0.07275213675213675,3.9020811099252932,0.00032772514,4.9448545e-08,0.8236845734203929,3.1842027686549583,27,52.047608710732604,-40.952391078068516,-53.199387932401116,12.2469968543326,0.8998570275626345,0.10931386314635638,0.27821850748589905,0.1953271866873273,0.2334209369917858,11.152880021837152,2.773489245655683,400.83835,0.93736875,30.932947,0.0047401777,0.14662766,2463.031,0.32662597,2.0330923204444886,0.3310962950111593,0.13655693292833102,0.30261139274279614,0.37139807897545357,0.2818669957310566,528.21875,20.644724369049072,0.13002663920757737,0.1870236909443072,0.6094391309063001,0.84256417,0.333320941637794,5.099936008453369,6.6110926,50438.52923478718,0.9949968997389078,0.8403868139158495,2.7455294,45,2.5556338380469583
SMA09834_20230611_070000.wav,2023/Ustou_Col_dEscots/SM9834_572L_Rouge/Data/,3216.6833333333334,0.0014261267,1.692165e-05,-0.18438434290248812,68.94431772658676,45.79794883728027,-43.821598,4.690736293792725,0.006440509,0.8041381743734853,0.13653333333333334,256,11.821144819259644,0.13653333333333334,0.08533333333333333,1.6008537886872998,0.000114710434,1.9798467e-08,3.5944795005547574,16.34134411513941,21,45.27216966735831,-47.727830263050066,-58.132683802332494,10.404853539282428,0.7161572369149096,0.2590093252883643,0.5336506646096753,0.34799800258127,0.20258591555312278,15.429243985626657,2.951609750129419,379.1803,0.7637265,7.464767,0.0037965765,0.02834056,2592.024,0.07263107,1.7418278405549046,0.5488410516674644,0.1360233149987686,0.22462337055953654,0.26360725720384204,0.213519085178762,400.134765625,23.05042266845703,0.07439071671558165,0.1640543253238014,0.390488135260945,0.78124154,0.3330733089824207,3.578061580657959,5.4560566,26440.260437621884,0.9771363120526075,0.43901867803086825,2.4320102,133,13.328671124599786
SMA09834_20230611_080000.wav,2023/Ustou_Col_dEscots/SM9834_572L_Rouge/Data/,2519.8333333333335,0.0013667898,8.559019e-06,0.004531468970570467,9.024870169181575,43.202247619628906,-42.43702,1.7691516876220703,0.007553518,0.9525151900599585,0.1712,321,6.084427833557129,0.1712,0.06263414634146341,2.7347918890074703,9.2149756e-05,8.135098e-09,4.764554378521658,33.19101688368609,27,42.30075376442728,-50.69924603377984,-56.82251177666173,6.123265742881884,0.7599953088729047,0.14193953383660218,0.6338688272482869,0.45889088387862487,0.21200133018884904,14.948567705338597,2.9420077018924102,386.35458,-0.30253568,0.53546655,0.011100709,0.0059440588,2653.77025,0.02818229,1.8703953109812315,0.46793373428783996,0.1573023561283967,0.20809431696905015,0.2225186766275347,0.20175864627801496,378.095703125,19.21241044998169,0.05989340148078976,0.18451366651585493,0.3304305842899092,0.7892977,0.3327552859749024,3.178621292114258,5.7267914,36693.01855379515,0.9719870872795582,0.8577191264465335,2.2281547,168,11.045786919690501
SMA09834_20230611_090000.wav,2023/Ustou_Col_dEscots/SM9834_572L_Rouge/Data/,3880.65,0.0018007763,1.2296876e-05,0.002160086936447248,9.737824019221362,44.93501663208008,-40.951675,2.5744667053222656,0.008962236,0.9420831726075608,0.23466666666666666,440,6.6488248109817505,0.23466666666666666,0.07652173913043478,3.068303094983991,0.00013721455,5.219876e-09,0.08332621325005429,2.7217080445048936,13,43.90343609876555,-49.096563651376385,-56.03514778763611,6.938584136259728,0.9385512130884235,0.05174208612988618,0.17737984973131005,0.11267183212054899,0.20036405563324955,9.358642510823593,2.2796013118313603,409.49707,0.5044287,3.0357463,0.0058935257,0.017891249,2691.98875,0.05520668,2.010422416401262,0.33775564337882075,0.1305311550775798,0.259474100472633,0.27161152614727857,0.2433443669957311,456.02734375,18.326871395111084,0.09839518576574172,0.1788180187152052,0.47886365247931123,0.8278683,0.33332759445086896,5.484817028045654,6.853236,60442.67792588906,0.9965030765160918,0.9035014359046262,2.6127198,68,7.4040529949306295
SMA09834_20230611_100000.wav,2023/Ustou_Col_dEscots/SM9834_572L_Rouge/Data/,4095.116666666667,0.0016981297,3.533251e-05,-0.15210973063597724,24.777022221930714,48.843069076538086,-41.567463,6.643148899078369,0.008348858,0.8399990133966215,0.2736,513,11.600098609924316,0.2736,0.1478918918918919,1.8509871931696904,0.00021821205,2.1105265e-08,0.935355075518341,3.618379890350737,24,48.46364252564826,-44.53635754926257,-56.60284741006605,12.066489860803479,0.9002981439529142,0.11542570879527414,0.4180144012122352,0.2285477328563349,0.19210161796953595,6.33476840572404,1.8785958556767401,398.69537,0.8110163,9.582923,0.006300473,0.06037695,2512.82525,0.15468445,1.7939098863343648,0.5208883733644154,0.14735243411870946,0.24043537505717333,0.28121664887940234,0.22881161619530416,428.79296875,27.693400382995605,0.1036761272678762,0.2388187888810929,0.3927692142451949,0.80023587,0.33331958626270836,5.048036098480225,6.6137805,51691.63383660556,0.9948701574467123,0.7657412738503184,3.830713,127,19.596597351921023
SMA09834_20230611_110000.wav,2023/Ustou_Col_dEscots/SM9834_572L_Rouge/Data/,3700.5833333333335,0.0012991398,8.035649e-06,0.006015216108583082,12.332035066090999,42.89878845214844,-42.430832,2.222296714782715,0.0075589027,0.9369781104815716,0.16213333333333332,304,7.1228742599487305,0.16213333333333332,0.10460215053763441,1.5508271077908218,0.00010974127,3.6067735e-09,0.9434804299288961,4.316666406252959,20,42.03782048519373,-50.962179364659626,-56.28089265945597,5.318713294796346,0.9248182837619277,0.07002021321885454,0.2267513901225422,0.1529655852032592,0.19531302679185392,9.478520988340648,2.2489049615679373,355.77792,0.2818164,1.7848032,0.005805116,0.01036099,2583.7815,0.02840216,2.0325055152638916,0.3140384218982065,0.13599868647894262,0.2108279177466077,0.2508004268943437,0.20149913287086446,377.609375,17.94663667678833,0.07194149379669156,0.19396198912671364,0.3271067263414308,0.76850986,0.3333227759649162,5.180037021636963,6.7671127,60139.69053140123,0.995604123454541,0.9841113496060617,2.0591698,184,17.267959578441836
SMA09834_20230611_120000.wav,2023/Ustou_Col_dEscots/SM9834_572L_Rouge/Data/,1887.4666666666667,0.001752268,4.5573433e-05,-0.07763458198644373,28.56336401159967,49.8908805847168,-37.886494,2.734349250793457,0.012754854,0.8912447007348969,0.2336,438,7.029819488525391,0.2336,0.08984615384615384,2.6013874066168623,0.00015953477,6.373861e-08,5.177214366797894,43.13601735202559,19,49.59585839370949,-43.4041410576673,-50.89842661371453,7.494285556047224,0.632454541946087,0.2115041910900175,0.44212142536532417,0.314482479095358,0.21353385557911608,13.024706458324133,2.8500896339748887,369.64703,-0.23300369,0.6220552,0.0530714,0.033013336,2647.3165,0.0866832,1.686995880429832,0.5710996824259794,0.16422297019949103,0.21753387520963563,0.24919957310565635,0.21089997998932764,395.2265625,22.246277332305908,0.07528181696905016,0.16865576778029287,0.409681785571276,0.7879989,0.33059400382141274,2.400714874267578,4.9147024,16254.500726842276,0.9414803348481655,0.6416173108562894,2.2862234,178,7.901714247598719
SMA09834_20230611_130000.wav,2023/Ustou_Col_dEscots/SM9834_572L_Rouge/Data/,3009.0166666666664,0.0015158714,4.8941233e-06,0.053892123306799614,6.543608056686462,41.589088439941406,-42.591537,0.9027853012084961,0.0074203294,0.9776625166638688,0.08373333333333334,157,5.457407236099243,0.08373333333333334,0.05288421052631579,1.5841782283884738,8.143823e-05,2.880138e-09,2.0785014228770695,8.499703257936064,14,39.875565616198585,-53.12443429329501,-56.10915252715097,2.9847182338559577,0.8852451522351291,0.06667911571307217,0.5911173854918317,0.3933035581399539,0.18957524030930628,17.274547619944126,2.671313199929754,330.91742,-0.09270874,0.8303139,0.00549063,0.0045589465,2558.7545,0.014878411,2.0556359210204214,0.28380488555880384,0.13526804039077248,0.15980784990089952,0.23425827107790823,0.15674297125133405,293.736328125,11.75930380821228,0.017523929429028817,0.13564252821794293,0.10753658068606513,0.74107695,0.333300422753382,4.6115522384643555,6.518832,53479.49419857739,0.9928031624294817,0.8829684276663312,1.4548396,179,6.922546191302027
